-6.732452988924804427e-02 -2.918801222142160604e-02 -4.856033318610755017e-02 -7.740449217397948889e-02 6.636121100034325648e-02 3.911945377792896278e-02 -1.081304777326800269e-02 5.887179002129875327e-01 2.561422684852196832e-02 4.632932418909475880e-02 -1.318080219278169596e-01 -1.007917513102919542e-02 -4.806277712997908957e-01 -2.021460364941110655e+01
4.074720850369310983e-03 1.896455144668878238e-03 1.749352348442518570e-03 1.617848377302346556e-03 -2.963106090215899494e-03 -2.359017959033448883e-04 -1.373703432027784468e-04 -4.722451315102104037e-03 2.007562056584753871e-03 9.841773217006157513e-05 1.124946036235019691e-03 3.389400690161674216e-03 -3.548486271647219303e-02 -3.341515783517324256e-01
2.473446351614035435e-03 1.140902322914807586e-03 5.984280353088344395e-04 4.916068123788476865e-04 -2.373255544328069114e-04 7.656186086906195285e-04 6.676037382101057942e-04 2.281387563311727731e-03 -1.069357836656633027e-03 6.200588703224971677e-04 1.201307755756473227e-03 -1.797265933414973337e-04 -1.500581775452156270e-02 -2.160924745377940104e-01
-7.604644251091852419e-04 1.207354772801502805e-03 -1.302777697357971904e-03 -6.319501826967054668e-04 8.948580856020405417e-04 -8.807957980812446174e-04 -4.493835292487124858e-04 6.816897113970729269e-03 -8.890520315392107893e-04 8.421045817559668723e-05 -2.557954783795753865e-04 -2.621676891830176199e-04 1.882233170372359446e-02 4.020933835744893575e-02
-1.894364437818231916e-03 -1.902531448337648748e-03 -4.408659393423584828e-04 -5.389073256574471171e-04 1.923712818607389505e-03 -1.454852759669538723e-04 -6.067661576978547857e-04 4.141206075113760404e-03 -1.078591170730684419e-03 -2.459791755979318225e-04 -1.864111753230893566e-03 -2.400057401927393422e-03 4.229094613234671285e-02 4.019749250778281158e-01
-2.659242607560467677e-03 -1.287919384986864870e-03 -8.883223307223177875e-04 -1.483651416560545500e-03 8.517451805471346407e-04 5.787163879251240508e-04 4.788148830569155545e-04 -2.038428845391976156e-03 -7.897949676933713106e-04 -6.788589371668340023e-04 -1.057401798851120150e-03 -1.356680331477906837e-03 2.816337571048929678e-02 4.245849527617149843e-01
-2.630175979336690523e-03 -6.062103608870521331e-05 -4.609373292533311644e-05 1.827524099964118493e-04 5.204967608551872970e-04 -6.539350913652036373e-06 3.728369361205741573e-04 -7.136623593063185021e-05 4.776934990962666702e-05 2.120492091434762348e-04 -4.431992676448236993e-04 -1.038267769348089845e-03 9.018491414175692014e-03 5.580017733367027138e-02
-6.661230212752794087e-04 -2.520040597475464370e-04 -6.631048822370093582e-05 -1.595587305575207819e-05 2.575950682136145015e-04 -4.152824812550722102e-05 9.228051733538214830e-06 3.671695949819301329e-04 -3.057633221711670429e-05 5.923628922714317804e-05 4.937745821998447502e-04 -4.842127080406952795e-04 2.394042258250156808e-03 1.305920207979190291e-02
1.930187711258933136e-03 1.419294835494009028e-03 5.694123961187905355e-05 -2.483063908012854000e-05 -1.128893072570268542e-03 -1.815293924095576436e-05 8.524707240490834136e-05 -2.153584269363090047e-03 9.044695220597614993e-04 -9.609845635005519790e-05 6.437701794718536088e-04 1.701376903220736155e-03 -2.904537848931163652e-02 -2.007184350270724837e-01
1.458672846371769811e-03 -1.079798204022192456e-03 3.064912150438640535e-04 1.276822700271975471e-05 -5.088660468808126709e-04 -6.222368295745570217e-04 -6.780528421256653226e-05 -8.796454562627966127e-04 3.657445243681674177e-04 -2.882304669512661161e-04 -5.638387867160405027e-04 3.851175505709809291e-04 -1.404950693188053955e-02 -2.023116605610511265e-01
1.059440910245597898e-03 2.865744416449677733e-04 5.903254997994188081e-04 7.195415919816236343e-04 -3.632997963147010069e-04 2.467408503387616566e-04 -4.210132807305557476e-04 -3.121885376455064303e-04 -1.214923283358896130e-04 3.701038833632411609e-04 3.189804259371736188e-04 1.285808118851566439e-03 -4.547387225270696151e-03 -1.109250388663067660e-01
1.680071132561733124e-04 2.175506012614212149e-04 -4.097042423202960101e-05 3.273246374377510059e-04 6.793138723832065735e-05 1.952773432320347477e-04 3.592908611051001048e-04 5.741752793110728708e-04 -1.591386778159379191e-04 3.911953292832713288e-04 -2.117979243118614302e-04 5.450438879004463491e-06 1.537395414152485521e-03 -1.602866595347004000e-02
-5.761421506246104142e-04 -5.946097608531913893e-04 1.670601951154001988e-04 -3.087367973768503590e-04 3.044681060092686506e-04 2.407600302359069776e-04 -2.438639575603228967e-04 5.847463597095757396e-04 -2.696641603926709044e-04 -1.744222049205449744e-04 4.015495917460218666e-05 -5.331658563467857413e-04 9.461660176050389753e-03 9.251522716297461146e-02
-7.076839157453461643e-04 -2.236235079054275379e-04 -3.020049321968418850e-04 -2.414441297168664268e-04 3.243275277456421227e-04 -1.440822242288126488e-04 -4.542437529998722141e-06 -3.746254331039680120e-04 -4.509618515078581960e-05 -1.210910314051912018e-04 -2.652138735078651984e-04 -4.799806253219998241e-04 7.004633973690342456e-03 1.052400487087233327e-01
-5.758770091070754748e-04 3.582224409126092660e-05 -3.261915428207419091e-05 -7.052294513284186280e-05 1.278185463872141478e-04 8.678782383680198084e-05 6.687254429413053841e-05 9.611071853723523138e-05 -1.575792151416637786e-05 3.664310934717209933e-05 2.370238328867082278e-05 -2.939391359672468532e-04 2.612333055821385811e-03 3.103605475605081612e-02
-2.492759896173670853e-04 -8.120741897833580057e-05 -6.238741671641634900e-05 -4.353343334065395352e-06 9.564482309640966857e-05 -2.167786393179731987e-05 2.711815701713199999e-05 1.212211106767049939e-04 -1.676183174837746556e-05 -2.219985436672813970e-06 9.694360139889679766e-05 -1.579575190797814560e-04 9.782996004619418529e-04 7.961781941168361368e-03
9.769493581760629874e-05 -9.159453020089081837e-05 5.398315820865035117e-05 -1.163613001725973694e-04 -8.074069604489753028e-05 -8.296700475302241513e-06 -7.679453107449595430e-05 7.375078872456834018e-05 2.795354132949080350e-05 2.924364282175824362e-05 -7.755407047271801677e-05 9.715289160369685955e-05 -8.738291142601485552e-04 -6.660497602242822050e-03
1.510318808258133405e-04 3.042615688629362889e-05 3.740038868629246276e-05 5.457241511902870913e-05 6.245277546913045592e-05 5.996155399315890739e-05 -5.028205506622648510e-05 4.390763433951180411e-05 -1.452481852573413744e-05 6.756731625371277799e-05 -7.311441208900506877e-05 6.320568596446698008e-05 1.723505761076257043e-04 -2.894203887514019882e-03
3.338174884267029784e-05 1.324973941384973169e-05 -6.763300172420341598e-05 -2.177999769964927878e-05 6.396769017491979827e-05 9.676435874278760277e-05 5.923994057305466307e-05 -2.438880935628609840e-04 -4.821713274178282576e-05 1.036857723871151981e-04 -1.711697021710042706e-04 -1.307777982084112789e-05 1.112074402243416098e-03 1.206139394651808451e-02
-2.611013049467862126e-04 1.333173967023252974e-04 2.804791183744975507e-05 8.114864990829059866e-05 -1.497807213069628069e-05 -7.935606808866186917e-05 7.526722709868685710e-05 -8.029686513612044893e-05 -1.196447586547052975e-06 -2.155527178247157504e-04 -1.974765894601656605e-04 6.978389966042086728e-06 1.391069671474590326e-03 2.196316030670182259e-02
-5.159610248894520466e-04 -7.441029631130093261e-06 -1.460664623357747270e-05 -6.029088599000677719e-05 1.468911014088484005e-04 4.466847671789244946e-05 6.891435077917688911e-06 -6.789587892622247226e-06 -2.373669906297505211e-06 5.174312407686830262e-05 -3.928104988824751678e-05 -3.706747860570333564e-04 2.923345350645480470e-03 3.088381465708154791e-02
-6.060688371389178365e-04 -4.397592978789836480e-04 -5.401837213429521822e-05 -2.883300562582693637e-04 1.153326436065136646e-04 -6.135726162598118981e-05 -8.183010402563971309e-05 5.231986881348551561e-05 -3.787580811229364743e-05 -6.139287835217056269e-05 4.705294688865204519e-04 -4.530660754458005557e-04 3.046411358025968418e-03 2.642976022182116219e-02
-8.996350696687293105e-04 -3.558758559542655455e-04 -3.528011346158489302e-04 1.267335013660577953e-04 4.315667062972857208e-04 -5.516194639653260129e-06 1.270062776308453730e-05 3.458754587566184049e-04 -1.417128533022075942e-04 -5.121499882771489682e-07 2.913333307054956052e-04 -5.838358264811891471e-04 3.168505954296313258e-03 2.730402452683384357e-02
-8.528466432528058246e-04 -1.627083261758959052e-04 -1.389529809283570087e-04 -5.307829491291946597e-05 1.893184227387695599e-04 -1.086561363830134823e-04 2.685253805515435462e-04 3.089512086354946402e-04 1.017861051761901627e-04 -4.880162772698992446e-05 6.029013309496674983e-04 -4.535780994957102274e-04 2.005497533933074152e-03 3.199058053422647319e-02
1.099577067882119730e+00 -5.085052172064594700e-01 -4.985434630578296222e-02 8.392794195732804219e-02 1.554687256716616103e-02 8.819154297948229859e-02 -6.715071468739661209e-02 1.405460374257244405e-01 -4.205152808409895471e-02 2.378823488248160006e-02 -5.735667862627801677e-02 4.222437828727378106e-02 -4.149048908518260803e-01 2.963062622384586842e-01
1.466422102712741952e-03 -1.353162254738017774e-03 -6.601230241611327114e-04 3.487804150699474657e-04 -3.457076870587225256e-04 -1.407090263343119393e-04 -1.155259316589721540e-04 -7.211665915235710919e-04 4.564775151472046794e-05 -2.436993294302213008e-04 -9.526822070205628532e-04 -6.790077411762138540e-04 1.236256732480533853e-02 1.112203787154449203e-01
-1.203788418259032784e-03 3.998670810289132842e-03 9.279151113179794335e-04 -2.249164955629025242e-03 -3.843676229351258335e-04 -7.431014976562587849e-04 4.040653562971393089e-04 2.890577346114306129e-03 6.351258366507684695e-04 7.656039122260302910e-04 5.541623993960904980e-04 2.042372879656804627e-03 -2.835286735117017315e-02 -1.741830140069301758e-01
4.253532330274522656e-04 -1.967568481077730004e-03 -3.159799262496427725e-04 1.040319265033109878e-03 4.454244961295693219e-04 2.865556329542991859e-04 7.132209145984046152e-06 -1.368259973323182176e-03 3.624788427734605104e-04 -6.191404565585015198e-04 -1.291995409432027120e-03 -6.804112874406531087e-04 1.599429440030854938e-02 8.964080910951550962e-02
-3.988012095628287929e-04 -7.274746162684749256e-04 -2.011366571135153006e-04 1.958882003036291439e-04 1.789749263819111343e-05 2.626085248517733201e-04 -1.413022056792496701e-04 -8.356789690746920917e-04 -3.309546594189474548e-04 -1.084743681091164498e-04 4.838052800667191856e-04 -2.192344525848760790e-04 2.148817202970206095e-03 1.302462260857005852e-02
-6.256932257746337933e-03 9.264359467860907790e-03 9.409039981065273192e-04 -2.975358351974798261e-03 -2.046661617737664373e-03 -2.082272382641160539e-03 1.383923862701079205e-03 3.631899650728585664e-03 1.291093608596850318e-03 1.611776853502129092e-03 1.389600589417099767e-04 1.673292749693414821e-03 -5.183293481775032990e-02 -4.586201340766902779e-01
1.244427087567546650e-02 5.875039265204661486e-03 2.308692595435240819e-03 -3.672810944771287664e-04 1.903851660217919855e-03 -1.904910093457567316e-03 2.237572965647707367e-03 1.104073041835882361e-02 -4.557701962538196006e-04 4.269968926538280415e-04 4.788072432579323369e-04 1.296328879775965641e-03 5.284498214627439405e-03 -4.265605009294212713e-02
-1.716802568520631525e-03 -4.445941181988839058e-03 -1.244562138484861438e-03 1.498792127426079330e-03 -4.381354770118251867e-05 7.203936954337775665e-04 -1.038423276694636944e-03 -4.824369456504921765e-03 -2.402010595068834427e-04 -7.025759123565848002e-04 -1.889002019265615881e-03 -7.550073100125806328e-04 1.731425328514708470e-02 1.930966208886481517e-01
-3.950887614403268428e-04 -8.119261061783357956e-04 -5.250478390535676896e-05 -2.351628876851491511e-05 4.486066730555917227e-05 4.206347093659033908e-04 -1.960644611101690078e-04 -5.765533836578101050e-04 -8.454890124473636917e-05 -5.258432878702557633e-05 7.564705898857668328e-04 -2.290856990711927178e-04 8.935002536728676309e-04 6.397236063893551629e-03
7.798747996986737712e-04 7.742755255379671873e-03 4.664105181968723063e-03 -1.683473776906358691e-03 -2.568718504349954811e-03 -6.148878316946200170e-04 6.233891515078879590e-04 7.606036839879304172e-03 2.342796016918416175e-03 -1.392202431072650710e-04 -1.555060629316470499e-03 6.099240909341289030e-04 -9.998210613560289811e-03 3.342128098395363150e-02
1.253976608580916960e-03 4.753628223612809019e-03 -2.086621124361237763e-03 1.801078290557026366e-03 4.300310581105592144e-04 -1.817441471234525945e-03 7.321370997862639961e-04 1.159054555251231569e-03 -3.963770675631329344e-04 -6.598405034817888919e-04 -2.766022095751477852e-03 -2.840581212229741060e-04 1.082936926088499778e-02 1.534286583866133480e-01
-6.014984695621380939e-03 -2.149457910775793429e-02 -4.177800579675114943e-03 1.920173277365738946e-03 2.421762871286683473e-03 5.257236901754821189e-03 -3.526601225994055368e-03 -1.719075570703250400e-02 -2.866528605546599540e-03 -2.463187535871351128e-04 5.734585373776180522e-03 -2.411165195773851393e-03 2.398744852760324384e-02 6.471472274119649537e-02
-1.834617844680256837e+01 -1.383629509508039135e+01 -1.158425084097918045e+01 -1.683716778348292564e+01 1.294397428128185723e+01 1.373067208098881054e+01 -5.319235893549594252e+00 2.370172131873082222e+01 1.549110699069627062e+00 4.087890278685446965e+00 -5.418420726097088469e+00 -2.025880903381436227e+00 -4.438902781897710703e+00 -1.069537045341536441e+02
5.049366101084702468e-04 3.584157052576505682e-04 2.768535292783270855e-04 1.302145699752840899e-04 -3.172378524727405085e-04 -3.258400837176705293e-04 6.877308461545698904e-05 -2.292974289418718732e-04 1.394977755053364711e-04 -6.962867188552745762e-05 1.647841426570755918e-04 6.750548364470030966e-05 -3.042620615847973966e-03 -2.148974764245458260e-03
8.151130804057630077e-04 5.555671823346713164e-04 3.473253566215856684e-04 4.236612678908374782e-04 -5.581989806064903067e-04 -3.807003687026034797e-04 1.696416505955624743e-04 -3.467947416882260136e-04 1.758111070135898310e-04 -6.777677133472222015e-06 -2.184058695082715838e-04 2.950495081865086894e-04 -3.556991936286817840e-03 -3.959270873792627987e-02
1.289881070682599197e-03 8.414554952216454428e-04 2.778880843340127073e-04 7.111982641174145877e-04 -5.667905985114601863e-04 -2.656868845427372370e-04 1.047155482701626851e-04 -2.092556148234526081e-04 1.947200118213518460e-04 -1.295640359032798421e-04 -3.559271145260945227e-04 3.757739288252589832e-04 -5.107080895902068630e-03 -7.367316946954390044e-02
1.425874455262086428e-03 7.729657651392653379e-04 5.389520051014747839e-04 5.230673100278745730e-04 -6.448733114705907645e-04 -5.525129020443313860e-04 3.739320761817473224e-04 -7.440298772490843836e-05 -2.058882029329830445e-04 -8.236258060304123935e-05 -2.970636510306373570e-04 3.894707327972156451e-04 -6.743166911138972520e-03 -8.447256318927053031e-02
1.346658435246466182e-03 1.304997186067855365e-03 3.940320415664629971e-04 1.138104465587447310e-03 -8.590201238390263259e-04 -7.074154657054964939e-04 6.824497648138676308e-04 2.683451955679952493e-04 -5.465896953321182258e-05 9.355316658320326280e-05 -1.434767923768305109e-04 5.138558898174517284e-04 -7.506153725419252229e-03 -7.555485605474147881e-02
1.515514356105539945e-03 5.504159804648374194e-04 6.418065177099080117e-04 6.550147828213761765e-04 -7.370662275146895766e-04 -7.297130642340192517e-04 5.106340541907938239e-04 1.029310102262365970e-03 2.729461898942650450e-05 6.100511413845311349e-05 -1.039426029860154692e-03 2.063904873306356515e-04 -2.310740613293568203e-03 -5.583547190802809479e-02
8.489918982714200323e-04 -2.896110940650901380e-04 5.602468140635508652e-04 3.509731563186657233e-04 -5.434174358289935863e-04 -1.018359870267723051e-03 2.063672922246811373e-04 1.610658360821182883e-03 -7.192741106626710282e-05 -1.840345130954870170e-04 1.108486803201756487e-04 4.111260430843725975e-04 -1.741846151582765239e-03 -2.223263932746262841e-02
5.069873389753038568e-04 6.385656363787859400e-04 3.418584872039140995e-04 3.085297488009008829e-04 -6.804810413063752369e-04 -4.506884643961059670e-04 1.775330919837481017e-04 1.554045729998132681e-03 1.378381915874550654e-04 2.341953319878615212e-04 1.709060785903055346e-04 2.676196486423734560e-04 7.818563094915236531e-05 2.738831853138075714e-02
4.241188501060415717e-04 1.937602437923224179e-04 -1.331230281130018820e-04 1.983513693354986118e-04 -1.928082955091663055e-04 7.124060005942946152e-05 4.395642089991897892e-04 9.298701771260233341e-04 -4.504470730568010386e-04 -1.649761924193035004e-04 -2.990521595597642277e-04 -1.699602258932799445e-04 3.101137697664176334e-03 9.141858683879790226e-02
-1.703265268451029395e-04 -8.481112126079835714e-05 -1.817095344227209457e-05 -2.680807025381669521e-05 2.870545035728360112e-04 1.822224968033326554e-05 4.632836822086698783e-06 -2.958343613164043001e-05 6.777290157107745212e-05 4.014750243226828931e-05 1.167811740493004767e-04 -2.536266395622380362e-04 4.109033126381936817e-03 1.187912831600560076e-01
-6.801959986805007933e-04 -2.160226572288923344e-04 -1.659818630828805775e-04 -5.228750738249078947e-04 3.455481076857352669e-04 2.974028204569092223e-04 -1.001651073457593709e-04 -8.779898144595801000e-04 1.235412045546416325e-04 -1.131099830396191527e-05 -2.512303690705409661e-04 -1.025572217038508218e-04 3.310856400665027673e-03 7.722559075639538750e-02
-4.654560040952133147e-04 -3.313602855013020147e-04 -3.587955667534715423e-04 -6.641707582461708805e-04 4.752385351711002582e-04 2.013094482115367534e-04 -1.938707750381909458e-04 -4.358798123857155209e-04 7.931707977901131842e-05 -6.170821905333253351e-05 -2.263108277921755383e-04 -2.047083395164291369e-04 3.918324331966200995e-03 6.680438160730431396e-02
-8.124101008911119347e-04 -3.782629173785135858e-05 -2.710893237129556035e-04 -4.076889246061985339e-04 4.442708794043704777e-04 3.295402959860775725e-04 1.709413502043507095e-04 -3.604659348074161799e-04 1.031331993345160328e-04 -4.141631503813881674e-06 -3.906520774914796091e-04 4.952789434487018361e-05 8.465483662791382317e-04 2.350647864705552800e-02
-7.985484743781414221e-04 5.427502321948712871e-05 -3.764556221057465150e-04 -4.345313486978272222e-04 3.357370968918425456e-04 3.983730221568917073e-04 9.688705167992464487e-05 -5.759067589059410717e-04 -1.081604473719821596e-04 -4.397975124544032706e-05 1.354725319656294310e-04 -5.034506617015171212e-07 1.383108399313427077e-04 -2.919807702535607771e-03
-7.211666871963696599e-04 -8.648178034315219791e-05 -3.076923322315894423e-04 -4.382448515629808433e-04 4.341899142630345010e-04 4.317186465738934273e-04 -1.091038473017630150e-04 -2.205398511338056981e-04 -1.214356611250131524e-04 2.085619876246412054e-05 2.855739563013800554e-04 -1.972375574200007644e-04 4.565044067833458233e-04 -1.445262906728747099e-03
-4.185834983902760845e-04 -4.190679247059773353e-04 -2.244930046939264882e-04 -3.122153413840876297e-04 2.708349239040114178e-04 2.788202259328443093e-04 -2.312724590767975769e-04 -1.133389231520776129e-04 -7.075408564906690697e-05 -6.864941793174117533e-05 2.019874256676767955e-04 -1.570542979045326168e-04 1.855630980030819775e-03 -3.233500535514616855e-03
-4.720946980831130135e-04 -1.345076193063720455e-04 -5.653770695803363568e-05 -9.544757727807588299e-05 2.329459225211857984e-04 2.131485302452168203e-04 -2.063900972486410054e-04 -2.929795989082047830e-04 1.940611871834785773e-06 6.162235051715364640e-05 2.324122172198673207e-04 -4.535815495222402047e-05 6.394008123283208582e-04 9.424615447886880264e-04
-3.211474036276314062e-04 -8.441149979882968499e-05 -3.574025074769182262e-05 -8.683927746464984799e-05 2.743076638964612990e-04 2.612759081031414658e-05 -7.657053406959786598e-05 -1.871012568323835226e-04 3.725863182461003440e-06 -1.915131436580066069e-05 2.124548359142502225e-04 -1.671726917257729250e-04 1.200732359617856472e-03 -3.604077996765841976e-03
-3.202272948041160914e-04 -4.062982617717726935e-04 -1.070831553828275538e-04 4.776730970352286770e-06 7.137755044440907898e-05 5.744985653852456918e-06 -2.300384014882982911e-04 -2.157755407506486587e-04 -4.028440731594857741e-05 3.099883742761300952e-05 5.978147536662590730e-05 -3.379205091599652106e-05 8.403874756811419936e-04 -7.910060321166161382e-03
-3.219533965897189496e-04 -2.391969939937023208e-04 -2.269737367392043963e-05 9.181202285352055693e-05 1.079760304352776409e-04 1.404134037588505033e-04 -1.266746938831909638e-04 -1.493385781402807382e-04 -2.196905259877090889e-05 3.570566169096378535e-05 3.060234119212554000e-04 -1.394915892543069119e-04 3.711582778481639232e-04 -6.621150432338531421e-03
-1.640481108784008876e-04 -2.179572473417731079e-04 -5.644139421216421120e-05 -4.665362582460752473e-05 9.885380222198970792e-05 4.538306450205383343e-05 -9.058199679419202011e-05 -3.744055911231277729e-05 2.667036167326860330e-06 2.437043332341786372e-05 1.934746714651529136e-04 -1.046834855424106942e-04 6.454845201632340886e-04 -4.971255238812500102e-03
-8.505080079864855058e-05 -1.006196263791758158e-04 1.133797127698520615e-05 2.463486257236185628e-06 3.751378984231343869e-05 3.430965599204018827e-05 -8.203439211623116199e-05 2.800789304496032332e-06 2.132094635443684420e-05 -1.891719247021177763e-05 1.603070585114106368e-04 -7.344296098379645083e-05 2.315903713509708038e-04 -2.123998867295843855e-03
-2.548393542796256395e-05 -3.540667925404841353e-05 -3.467057390654598106e-06 -6.068764998330498392e-06 7.967398489243007048e-06 1.408294387987526531e-05 -2.456993986271820854e-05 3.611321160745403545e-06 6.408222862636207331e-06 5.472563135369760077e-06 2.488152139501605416e-05 -1.626545344863479875e-05 5.187922414298044415e-05 -2.449543639205392382e-04
4.558878834876025016e-04 -3.823118715795416724e-05 -3.488029307621016273e-05 2.237276806043981009e-06 -1.313483563545596203e-04 -2.723914438102662894e-04 6.524002564862327260e-05 -4.229157602554675199e-04 7.732502412812541025e-05 8.611817173594492409e-06 -1.613396227678017187e-04 5.985454290934784236e-05 -2.950173715098155548e-03 -8.105324766354095323e-03
1.169366872441602928e-03 3.247142313076965565e-04 3.470933300302240479e-04 3.157718372239843229e-04 -7.899992750080950688e-04 -4.511925683826675370e-04 -2.380055217791045293e-06 -3.578045643362260568e-04 2.670718634804975173e-04 5.878951555704882355e-05 -2.272269635082098177e-04 5.486437849297721384e-04 -4.333084576741855730e-03 -1.307222081763857041e-02
1.355257180007805222e-03 7.250020220706394599e-04 3.312515752984637241e-04 6.952875353671512720e-04 -7.524045721438966331e-04 -2.163695167235683131e-04 3.145670518541015506e-04 -2.270805181442469645e-04 2.013651029425148173e-04 -2.118106059133433906e-04 -5.343283120526463479e-04 5.784147771479119637e-04 -6.717431731885549831e-03 -2.732144690074879076e-02
1.517244377219245047e-03 7.206743553045152255e-04 2.665715764955814220e-04 6.952324617320158493e-04 -7.685970311513680387e-04 -3.786765265227706864e-04 2.324112518254176909e-04 -7.100177084602910449e-05 1.801857209146682094e-04 -2.007208895518071228e-04 -1.974449545409093568e-04 4.932231572155756178e-04 -7.442215227801088177e-03 -2.349135798967579361e-02
1.294215994172144167e-03 9.630418680973808557e-04 4.314779786198460099e-04 4.162649480728305399e-04 -5.826486773309940900e-04 -3.246364120450245653e-04 8.136854528227405398e-04 2.986374423846686454e-04 -1.381994058107969224e-04 1.619386453856857372e-04 -6.570830201561316843e-04 3.876594545640249263e-04 -4.551539926180136336e-03 -2.246375869207459935e-02
5.496337903536427762e-04 6.000460920237804356e-04 3.350372560148861005e-04 1.351213483507733126e-04 -5.322178286509341967e-04 -1.038890730319826311e-03 5.061612368758951815e-04 7.418558021184077506e-04 -2.552095622089215637e-04 -2.305750303313546364e-05 -4.732846796443661535e-04 1.120111852985905537e-04 -2.891289931045979474e-03 -1.332289917380562703e-02
5.390162182705208159e-04 -1.380677238910285965e-05 3.299467103403979544e-04 2.638156081515375729e-04 -5.020063259499107705e-04 -7.907892155091431584e-04 4.920193427949226626e-04 1.048267689103032311e-03 1.724149202408860088e-04 7.143237077506557414e-05 3.204150194775800859e-04 5.581555224236564030e-05 -2.286075732850337586e-04 -6.898984221260791305e-03
2.829015859871334445e-04 -9.768266448630577299e-05 4.288520201091501507e-04 3.831773206905833864e-06 -3.184700686628624019e-04 2.490474334843077034e-05 2.000248406758151022e-04 1.210738610135392995e-03 -6.781620669171286068e-05 3.840807020601999216e-06 6.554508828461858537e-05 2.946229943527391170e-04 6.707669695110012606e-04 1.778166694838634668e-02
-1.736658633410310829e-04 3.813690832899227837e-05 -2.726591781746154895e-04 -7.681667765048604967e-05 2.008518361544153654e-04 3.123736262831418197e-06 2.439821175361046380e-04 9.016777494852716221e-04 7.225801530145874749e-05 -5.065762400034324480e-05 -3.457709545636092731e-04 -1.296201002430830086e-04 3.787334149671629097e-03 3.373505333304319814e-02
-3.825204929063424951e-04 4.472083541108977140e-04 -3.566491310668043349e-04 -1.542260334736438704e-04 3.738547992462410373e-04 2.593365899782607291e-04 3.110095754867970544e-04 5.092419023752992784e-04 -3.625896911684089855e-04 -2.554728388945233151e-04 -2.977264736108087219e-04 -4.682652782679778456e-07 3.261414087829181234e-03 5.248769115986735151e-02
-5.756858282827683696e-04 6.126716475259540422e-05 -3.638668239528623891e-04 -6.500663611431737763e-04 4.885907512014869836e-04 4.641645064215532755e-04 -6.208658316608860856e-05 -1.621738005808248532e-04 -4.532233805608727799e-05 1.197286769356298275e-04 -4.102321951523235123e-04 -2.094746902236140703e-04 3.155805106778987804e-03 5.522450908900071453e-02
-5.114945655245008507e-04 -1.551413946823317362e-04 -2.475732562161456944e-04 -5.040815503288893122e-04 6.336616038867798730e-04 3.228374271181468666e-04 -2.763221286230190432e-04 -5.300342585601548143e-04 -1.425642299057695581e-05 6.713388427377689211e-05 -2.200237017556237349e-04 -1.903317171995682797e-04 2.440052209997244700e-03 4.413246241715287205e-02
-6.864638864320581849e-04 6.779968194636830457e-05 -4.461971076421497617e-04 -5.104402469131550952e-04 4.242074305577874069e-04 3.159900368604894754e-04 9.447659532799213889e-05 -4.997608507653670358e-04 6.779395629430370635e-05 6.806581839324167192e-06 -3.025010452200411018e-06 -1.568852900779161685e-04 1.726894455222770589e-03 2.783474871250544991e-02
-6.514589091477365279e-04 -1.553780997032070505e-04 -1.513981179496038765e-04 -3.443134165018736344e-04 3.303001206985285969e-04 2.323992951295221075e-04 -1.096258371050300097e-04 -4.665787864082627731e-04 -6.766220017015747137e-05 -1.012231353270031872e-04 -4.860553443334417043e-05 -3.507587083491836219e-05 8.451251450168165450e-04 3.285463900864728486e-03
-4.088442470257042582e-04 -1.846504336689353866e-04 -1.073311934915797256e-04 -9.436528987783962281e-05 1.473172169409564904e-04 3.319516210968827805e-04 -1.810163999281917557e-05 -2.977874950938906216e-04 -6.683727754062845678e-05 5.948451884838807665e-05 1.585516792752276669e-04 -1.711603594964284834e-04 1.260630969340240234e-03 -1.581574870733821721e-03
-4.106402685367356391e-04 -2.038842897368042795e-04 -7.190754216334141729e-05 -2.514238644968622475e-04 2.791971254968751703e-04 6.787649977360411878e-05 -3.996693874446083090e-04 -1.155452749847943539e-04 -1.222279846227456487e-04 -2.445684345999425276e-05 2.010942527154035314e-04 -8.411690612160433659e-05 1.079870702407452433e-03 -2.919039212587285458e-03
-3.210054791972943877e-04 -9.264145316826882977e-05 -6.517529947060228452e-06 6.711244408649383265e-05 2.210869085960788039e-04 2.348329807149440458e-04 -1.793098135795265842e-04 -2.188268365239539833e-04 -2.583666615692650745e-05 -2.085068086520233463e-05 2.556435738766563788e-04 -5.004698466057752257e-05 1.220701543834511963e-03 -4.710348262689533806e-03
-2.323293655213831579e-04 -1.786578935754503761e-04 5.891366672062939221e-05 4.285978106430643020e-05 1.949913406112622756e-04 6.091414761974377385e-05 -1.559251424615819281e-04 -2.097317735269638649e-04 1.744096287119580443e-06 -6.257153694659080853e-05 2.892202479081904757e-04 -1.192282281101376219e-04 4.292979529634300979e-04 -3.857118003005173892e-03
-2.871740179654242451e-04 -1.836555141457407822e-04 -1.050223078149466665e-04 2.201450581969557999e-05 6.569637617379621680e-05 -4.430426150593501757e-05 -1.405874853039790380e-04 -1.734825247431544769e-04 5.443784213247514388e-05 8.951781337390307821e-05 1.676880068708772238e-04 -2.165874615917772031e-05 8.545610471040901521e-04 -6.371163998347498421e-03
-2.592219732014123786e-04 -2.002560445002584332e-04 2.656208863327445724e-06 6.286429934412343624e-05 6.542422424348813353e-05 9.231697882908224259e-05 -1.244614564321786464e-04 -1.020669707487895480e-04 -8.149156432553168099e-05 -1.674158244808218401e-05 1.190574340060767322e-04 -1.658525468189572447e-04 9.471722287862240465e-04 -8.431225960264682531e-03
-2.996495503959329082e-04 -2.367268420122720367e-04 -2.392666234291613385e-05 7.075119867709863156e-05 7.305238084363225638e-05 4.761575635772242240e-05 -9.976021375326654531e-05 -1.586666775114203268e-04 -2.216979485984933433e-06 5.768744810809493351e-05 2.536597425422459440e-04 -1.344218859766439572e-04 4.044457401680046538e-04 -5.685897628757504048e-03
-1.337546353419457278e-04 -1.717749516793764164e-04 -5.068627225638023024e-05 -4.099439320957093608e-05 9.000002798342560031e-05 2.775628598982697056e-05 -8.144188217321279746e-05 -5.042816871783539659e-05 1.357735010917145385e-05 9.007779243694112746e-06 2.285841212565935439e-04 -9.311171997922700451e-05 5.163413390164229210e-04 -4.554673662044278308e-03
-9.246820679372194022e-05 -9.643123132663751810e-05 1.176459655598411536e-05 6.241725964419151341e-06 4.384741449364250207e-05 3.376418002256286691e-05 -7.092941129015016945e-05 1.194725432521680503e-05 1.884474891998843098e-05 -1.779378540762536771e-05 1.441521884806787758e-04 -7.279461591308357730e-05 2.093268583552298785e-04 -1.782631573984089441e-03
-2.456929439171600632e-05 -3.394234736959362149e-05 -3.646493874406285873e-06 -7.367655486836513098e-06 7.234632067428494180e-06 1.451213863189285361e-05 -2.402063517539881980e-05 3.563722187637022547e-06 5.577828691032833732e-06 5.177987583357733963e-06 2.433125993138043373e-05 -1.529006206687211336e-05 4.664637900717490815e-05 -2.088346736516123845e-04
1.104305336233978494e-06 -2.577462904998579422e-07 5.868816968817830393e-07 -2.557505583931428347e-08 -4.123945443334629166e-07 -3.285132226166953169e-07 2.397722326338947672e-07 9.956525518710120143e-07 3.180586161155076458e-07 5.932733827157840447e-08 -5.378196741388170166e-07 4.391240583722074865e-07 -3.541804724748405597e-06 -4.230464092623448946e-05
1.206158008842130237e-06 1.045188922777128388e-06 3.374321802932742704e-08 6.027874941801514423e-07 -5.907051008825839655e-07 -1.676122675403989683e-07 4.280404364771179428e-07 1.397379765247319570e-06 -2.405037268160989131e-07 -1.103484028837788567e-07 -5.395138615959925731e-07 5.221198795223400761e-07 -2.280999769284908174e-06 -2.653191887429938347e-05
1.310618265706157047e-06 5.677900585892161584e-07 5.179605807488402295e-07 7.421450382273665773e-08 -7.144181489154856695e-07 -4.957034499827855307e-07 4.279129966311505471e-07 1.087345314390115636e-06 4.210961413541515786e-07 -6.107429125054534944e-08 -6.113233163773470989e-07 5.957526615143593697e-07 1.646963095485639275e-06 -1.316389652334709087e-05
8.467979567941424987e-07 6.268827278910713597e-07 -6.613822993228561224e-08 1.155919224732037327e-07 -5.780252337956193850e-07 -4.793808190722579470e-07 3.145451927134182083e-07 4.769492604342976231e-07 2.089208043271595926e-07 -3.464827465696304228e-07 -6.608970119855989137e-07 -2.907861503030988111e-08 3.906985024358872741e-07 1.847451376729423083e-05
3.763414343197646330e-07 1.136440435564369867e-06 7.908569282349787741e-08 1.433479540417526754e-07 -2.281754612878658095e-07 -1.531183307795948981e-07 7.170633238118751777e-07 1.695624606096508729e-07 1.442198299628037615e-07 -4.284621710766903634e-07 -7.446489127778884945e-07 2.606202640698517021e-07 -1.726479198466438850e-06 3.584191865816964076e-05
4.892529497779040678e-07 8.983015492448766405e-07 2.209432763383246697e-07 4.629556441473604250e-07 4.302960691889516789e-07 -6.123512318233259172e-08 4.043198272284462859e-07 -1.121037639302864039e-06 7.072497439982756076e-09 -7.290021917211840047e-07 -6.557943487588648321e-07 -3.629549472660537663e-08 -2.954805377297296361e-08 3.136814795119635365e-05
-1.380765931082541195e-06 -6.008578741231025927e-07 -1.485221254838113112e-07 -2.762457045889727421e-08 4.648743654655159254e-07 1.563338182122637074e-07 -4.907746188748556135e-07 -2.378076035801970093e-06 -1.800812811595196998e-07 3.662346918244313431e-07 -7.730000473403237679e-07 -4.837661860740470696e-07 1.026121901937276413e-06 4.877403195475496274e-06
-1.835167630152707461e-06 3.364952705354061080e-07 6.309522281336049725e-08 -1.232970804003459772e-06 1.611175170966225366e-06 7.857389872617939800e-07 -3.684836293109348466e-07 -2.703315666973346621e-06 4.507358379972583941e-08 3.376527640298610649e-07 -3.740755145758565714e-07 -1.382045853903922495e-06 5.612474156351180606e-06 3.317116255369295696e-05
-2.175082620448161103e-06 -3.133937110966104090e-06 -1.117757283999845594e-06 -1.335887351519535658e-06 1.577090011867773590e-06 3.931497710521758661e-07 -1.131797375849165158e-06 -2.845701131283227169e-06 -2.795699573630535786e-07 6.443024117378420126e-07 2.858436930370964802e-06 -1.007292801381971531e-06 6.372027339702239764e-06 -2.187151100644460849e-06
-5.473269175294821953e-06 -3.433782103927119528e-06 -7.605412974507978690e-07 -4.289990145114785821e-08 2.046739478144886767e-06 1.532831822217309042e-06 -2.010166609128016471e-06 -2.157397315652916696e-06 -3.496548173349204416e-07 7.858221148851821702e-07 4.706428725463015597e-06 -2.505225770826004774e-06 7.541094520303434435e-06 -3.946245478228673085e-06
-5.909033459296015166e-06 -4.881725967433326022e-06 -1.241034667124266859e-06 -1.603538480017089541e-06 1.814693770243120925e-06 2.222456124250346072e-06 -2.211388569351417931e-06 -6.902875349825533191e-07 5.342736271843540149e-08 3.073041043964679225e-07 5.039400351361814872e-06 -1.352027322472323085e-06 1.046792008049722207e-05 -7.530530991311610950e-07
-5.899033403441596305e-06 -3.691024186769486833e-06 -1.984959711239535536e-06 -1.172462723641197783e-06 2.647940204448459296e-06 1.845315246095924333e-06 -3.074325785202868399e-06 -2.964513934339058704e-07 -8.619156801230156313e-07 6.279267467079906761e-07 5.860507045260863364e-06 -1.744549898763626184e-06 5.136750446277389439e-06 -1.300410278412803504e-06
2.138679444498611291e-05 6.459342152016076421e-06 7.717519915049058182e-06 4.454984616306270817e-06 -9.539277042553202964e-06 -9.639381056920494719e-06 3.761995985751013595e-06 3.817977024741266693e-06 4.593129201129310229e-06 1.707300750350685314e-06 -1.497300482908396139e-06 5.951732125039104630e-06 -9.792939468781418702e-05 -7.626189173578376513e-04
1.534080986620118615e-05 1.556450792647524983e-06 2.235816909944455371e-06 8.682153534117039486e-06 -1.093243324074583963e-05 -6.375288048414201256e-06 2.377083258972822966e-06 5.703122382492569732e-06 1.225877540777374903e-06 2.706466260347712372e-06 -7.174860247169232116e-06 5.818987493080325776e-06 -7.282955273033806529e-05 -5.733708733700028587e-04
1.086166563733331624e-05 9.199966842840688464e-06 6.133804564511186580e-06 3.859726101412312131e-06 -7.494719453598830854e-06 -3.439577359884360202e-06 3.492395805218985269e-06 5.337221346220590722e-06 -1.817897137087299540e-06 -9.504884544623401096e-07 1.341358919394350891e-07 7.639372328249621102e-06 -4.834227478201966709e-05 -3.628217648115723512e-04
8.505033337160632182e-06 7.662915617012810678e-06 -8.705788885255712851e-07 4.333964216830434628e-06 -5.502479116519131556e-06 -4.856093522379209855e-06 5.358347634063022436e-06 5.712291406576297379e-06 8.401471546974747370e-07 -1.100591315915591413e-06 3.203215823173569757e-06 1.197776685551775911e-06 -1.466046457372822026e-05 -3.697075665070853314e-05
4.708020717699742541e-06 8.086492186724311240e-06 3.681755485856422560e-06 7.059142501263888674e-06 -3.423430060205821280e-06 -2.374819472123418229e-06 2.319077618931313016e-06 9.951482970417489183e-06 3.203476386956478718e-07 7.512179545335698919e-07 -2.151385141079666042e-06 -7.771009829966554996e-08 -1.518525390746594254e-05 5.626991729447351260e-05
2.067446388541062651e-06 -6.529984621813623174e-07 9.899887630063316760e-08 2.092476091648158626e-07 -3.860577110186710006e-07 -3.302806438375946060e-06 -1.376878810015471801e-06 6.672487926465121563e-06 -4.376788641621138524e-06 -3.266783283471644282e-07 -3.904685898889494235e-06 1.116246830500728657e-07 2.427014784076688737e-05 1.895768114443161748e-04
-1.447772692167556852e-06 -1.876137915427651183e-06 -2.512772573140559013e-07 -3.024939427021445200e-06 7.145652952003010619e-07 -5.260775741709726449e-07 -3.248741280360309760e-06 4.287973472201304768e-06 -8.336446520910210286e-07 -6.244566069588493875e-07 -1.416950493086869827e-06 -5.985247481731375116e-07 4.597886392879051886e-05 3.972094200376078158e-04
-3.410277574994390372e-06 -2.235383875343284107e-06 -7.579216481749324694e-07 -1.349026157191584916e-06 4.950905734721820458e-06 1.446733356023074166e-06 1.373587935720303299e-07 -1.600999947547053816e-06 -2.756251732893197736e-07 -1.733410284206918429e-07 -1.393843123937005785e-06 -1.503909244677238822e-06 1.753313121644916765e-05 4.076146744085071120e-04
-6.138322142112531945e-06 5.665500059991625188e-07 -1.748456908787603033e-06 4.420442093997461629e-07 3.512817827585578901e-06 3.882204571633620064e-06 -6.981660876653291113e-08 -4.161957278588535809e-06 8.165928376909698825e-07 1.087731006945734741e-06 2.593050488515689082e-06 -2.259665101019138895e-07 1.731928092320061030e-05 4.211190983098161435e-04
-5.164248446683302555e-06 -3.080976971022807442e-06 -1.449169147763431035e-06 -6.341346908111169762e-06 1.790699448266656318e-06 1.870732061617475036e-06 -1.538873389949314002e-06 -3.443383668749462777e-06 -1.155133779600234643e-06 -5.761015761590234245e-07 9.573091857831880462e-08 -9.622633170392912153e-07 1.841128475567313294e-05 3.630022382015249296e-04
-5.286149072416208497e-06 -8.483664561407463573e-07 1.557054533345089272e-08 -2.357611270962571312e-06 1.270682744231207643e-06 2.069020138155551677e-06 1.737674398962840762e-06 -2.485174459206333984e-06 -6.199891923068003781e-07 -1.989923661199600733e-06 -2.759927206109342048e-07 -2.099206981435218203e-06 1.485838141158497908e-05 2.667340727252925014e-04
-4.042355025948479807e-06 -4.933175981094996498e-07 -2.170217044701368252e-06 -1.398084631924620795e-06 2.279045725985797557e-06 2.574307074902541665e-06 2.313480836912114938e-07 -4.943780183591063618e-06 -9.692605503117350395e-07 1.414015486363928754e-06 -1.539356601176484443e-06 -2.012720002311566823e-06 -9.493930474342734166e-07 2.403836796884728142e-04
-2.536777879180634346e-06 -1.556820195017762446e-06 -2.205721730670021017e-06 -1.947148735132419446e-06 1.714152820913015748e-06 2.528626253313640701e-06 -3.987803523624141980e-07 -4.768161226590215200e-06 4.444980814172333588e-07 9.635032925277201036e-08 1.310421690309215406e-06 -1.932316103219464046e-07 1.937232792675084122e-05 1.600316132864001116e-04
-3.447775903840036655e-06 1.060211524162272148e-06 -1.056902658753617814e-06 -2.078491859093529688e-06 1.445477757679544742e-06 5.358559779432799247e-07 -7.662288315467329213e-07 -2.708145303726025048e-06 -8.382717125269633017e-07 -5.352647504207176803e-07 8.913844164733968245e-07 -1.401093685562786142e-06 7.520622038319546721e-07 9.206050168504761324e-05
-2.901305380363498367e-06 4.250874662364411703e-07 1.264669437987227624e-07 5.961509075516777557e-07 1.884525579044177696e-06 1.371867764676226110e-06 4.913776263796273699e-07 -2.129990040891344010e-06 1.039460049023473199e-07 -8.644539832697348734e-07 -3.724423511748446702e-07 -1.326420720714663833e-06 2.491783718842864304e-06 1.853693543405801660e-05
-2.306346079118447201e-06 -1.760310722092237907e-06 -8.771887790339861380e-07 -8.873358169912261913e-07 1.345569641342983512e-06 1.102247535872045372e-06 -3.512141654901417035e-07 -1.330889781447657681e-06 8.374114877664610291e-07 -4.182524881546584773e-08 5.885184783043192077e-07 -8.518325974292332271e-07 1.209857151243202289e-05 3.213942268737256231e-05
-1.761773461144070339e-06 -2.009886711329136026e-06 -7.569228347818883193e-07 -8.162831080168670192e-07 1.569465939288863616e-06 1.087477002517357108e-06 -8.907901713943740233e-07 -1.745995990338871362e-06 -5.746020836398517679e-07 -3.623619971040626710e-07 1.421718070088432134e-06 -6.595552957327439997e-07 3.806607327292411559e-06 7.281626810755550356e-06
-2.240616364621965124e-06 -1.073083254447875840e-06 -9.107449678311852582e-08 -9.094306905654606399e-07 4.222486458768541391e-07 9.256744931255617250e-07 -2.576165249147592570e-07 -2.515768817021595506e-07 -8.432715503187546621e-07 6.038876771756453382e-07 1.125724679763121764e-06 -1.231416785797785799e-06 1.010628457218342759e-06 -1.396933286886499220e-05
-1.398694537132150514e-06 -4.720271806591963634e-07 -4.542677685523766089e-07 -1.190049483931719642e-07 1.002041514236951463e-06 5.323714366301777721e-08 -5.114684675696171213e-07 -9.780361215937078913e-07 3.065229079431513126e-07 9.136665683016467425e-07 1.791916393100655902e-06 -1.161041708950145101e-06 3.773340846712766456e-06 -1.331657173605880153e-05
-1.279289673438196078e-06 -1.051392752124070180e-06 -5.261468689309622696e-07 -1.542872623544560059e-07 8.350129817707451611e-07 4.054076911878644072e-07 -1.110510211370677348e-07 -7.947658946496376864e-07 3.037410505176935565e-07 -4.192174699489261354e-07 6.496396588497296513e-07 -4.918074855681272757e-07 4.712332549282047558e-06 -1.954826501355284710e-05
-1.374559888025329368e-06 -5.740453445805523388e-07 -2.886512665481097995e-07 -4.999670676527831439e-07 7.824839984949504679e-07 3.454653294579456423e-07 -6.339350489842120048e-07 -5.327801919931472307e-07 9.720965022323362333e-08 1.481766545164125948e-07 1.765486501676548007e-06 -5.975234771509678795e-07 2.655382400702399659e-06 -2.497933162606320477e-05
-9.956504050033663590e-07 -1.087950442546146317e-06 -1.558462660472681609e-07 -1.743562212808338107e-07 4.717677182144960349e-07 7.678683872956128889e-07 -6.062310325505196748e-07 -3.392727924735694602e-07 -9.729516516727856644e-08 -2.061653721008563649e-07 9.408702419011454430e-07 -2.431034473378786997e-07 2.208888274029746700e-06 -2.333468485515941348e-05
-1.039431678653321260e-06 -1.016562091747146964e-06 -1.924863450818534802e-07 -3.007808019807379628e-07 4.952363049148566945e-07 2.369531235854317056e-07 -5.941431848266963290e-07 -1.441958179795591671e-07 8.602148811188992544e-08 -3.164235045011965971e-08 4.035573117145416766e-07 -3.493834816708298154e-07 2.302980380520606561e-06 -2.228186972268303819e-05
-7.484640280822985395e-04 2.339449671288012329e-05 -5.208409598355998564e-05 -4.423097812765371004e-05 3.755912636359318136e-04 -9.693101335989482575e-05 1.057993660622224126e-04 -4.909098157315287510e-04 -5.983393325383271478e-05 -1.459952523352286947e-04 8.695287182862289441e-04 -2.832031114236894945e-04 3.927520971436636202e-04 3.064243615026473327e-02
-5.743437471193514653e-04 -1.798742641489557530e-04 -1.309839790824772726e-04 -1.426929173772399538e-05 7.787927454874660226e-05 -6.811183073318238421e-05 -2.594533469347320661e-04 -4.236292124144259118e-04 1.431040255095691925e-04 -8.363699327280566301e-05 4.655300750997167251e-04 -2.452549873374009989e-04 6.335561225248284621e-04 1.076603628444371998e-02
-1.177297000722447873e-04 1.699140047577536933e-04 -3.839158246122558382e-04 -1.593327202084757416e-04 6.745028305422528115e-05 -7.226040269974891598e-05 -6.513089838570176307e-05 -4.133453096286254401e-04 -4.689517526262892429e-05 2.705272467842734707e-04 -1.578955332759775947e-04 1.550377513261163117e-05 2.276852337041354298e-04 2.220605706833394827e-03
-6.852919428848657608e-04 -4.500032259219651984e-04 -1.959633377223637268e-04 1.625400882590343301e-04 3.783549858826202954e-04 1.624104830831906495e-04 2.992474179083399219e-04 -5.321289467712024372e-04 -1.697656242471271329e-04 9.453720016978499644e-05 2.007226627117565047e-04 -8.423626897801513827e-05 6.215146994834314488e-04 4.910946846159317328e-04
-4.046549347903871923e-04 -5.624524441173387449e-05 2.883459100343369681e-04 -1.811052730746819345e-04 6.440758466949933351e-05 4.407692914046010594e-04 1.320772446310774693e-04 -2.947800893837161065e-04 7.691233104986174333e-05 -1.352434131153457033e-04 1.536374382020008148e-04 1.545739336925505204e-04 1.061799143162997072e-03 -5.533630867497573227e-03
-3.887976174479958061e-05 -8.086300568896480367e-05 -8.431769016706542436e-05 -1.527211644860014018e-04 1.851410938976769821e-04 4.912305196271109502e-05 -3.338158533146614996e-04 -3.780405613034948462e-04 -9.145819742670617243e-05 7.500532430116276154e-06 9.402498746910734398e-05 1.118810774006389122e-04 3.069957904650360485e-04 -3.436259910579871589e-03
1.120358250453430228e-05 -3.252791953616748495e-04 -2.510588316358814917e-04 -3.759207749010278041e-04 1.491442581260326271e-04 2.788916737090433836e-04 -2.470068961409346516e-04 -5.168720780805374044e-04 -4.474313766255397890e-05 8.841080741487022194e-05 -1.578375818306493067e-04 -7.798167927418706718e-05 9.761471832390325801e-04 -6.132139066930312847e-03
2.147773018084059041e-05 7.737779758395176596e-05 -2.252840771461076918e-06 7.186356005935986375e-05 -3.398888519379489884e-05 -3.727214585519684212e-05 -1.049147471652821646e-04 -6.757791436973106108e-05 -1.070769417669059278e-05 -1.213938217443139331e-04 -4.164794905688146641e-05 -4.505765151323107943e-06 2.238813532076104780e-04 -8.105335948033738289e-03
-2.328903032290444955e-04 5.555182502516243576e-05 2.343100566383544459e-07 1.259896601027467311e-04 -2.568922829686052459e-04 5.000312342452546466e-05 -1.890858061888538979e-04 2.774640743113768136e-05 2.879687678829882181e-05 -1.390445189854691620e-04 -1.289881329939388248e-04 -1.606154842598917279e-04 -8.092785665726285205e-04 -1.203327183431554363e-02
-9.876881165074922868e-05 6.715207595324317622e-05 -1.988004988273956569e-04 3.015393482731447078e-06 3.704473582213852389e-05 1.900784319742383538e-04 -1.571651918201145243e-04 3.484245758529961028e-05 -3.391825134778759067e-05 -1.764010791206058399e-04 -1.943002477767514342e-04 -3.760593388670860289e-05 -3.624883658605138168e-04 -5.734183137973004885e-03
1.602691323888364046e-04 1.639942243435572021e-04 6.196154952490634483e-05 1.580730562511420661e-04 -5.728076952315346476e-05 8.919263576024068587e-05 -5.327373484111200150e-05 -1.293108430224264099e-04 1.781255905188773133e-05 1.819247058004882600e-04 8.826299529982233950e-05 1.100475294223351259e-04 -1.480390672653484393e-03 -7.920578109424739402e-03
2.457194204229594500e-04 -1.397894783284516081e-04 3.347465893770409560e-05 -1.839641703391044439e-05 5.430413729450164154e-05 -7.751841742086288832e-05 -6.467359760017002835e-05 4.132204892699717369e-05 5.397934979005674147e-05 2.045073024389018428e-04 -2.807147500469668125e-05 5.983690935322225383e-05 4.705866556804390310e-04 -1.496152771096413703e-02
2.017195246195184791e-04 5.866239101013372397e-05 1.751428952045631590e-04 -4.755238260039152846e-05 -2.709990933749509650e-05 -5.475324387898832955e-05 -8.798891209050312579e-05 9.388470655719973542e-05 -1.790702733239847881e-04 -2.819362671203181123e-05 -2.059576389758051762e-04 -4.739578501986087966e-05 1.695503865467079736e-04 -1.174205147863542804e-02
2.881212587184119435e-04 -1.642358990699948197e-04 -3.815458993559661037e-05 2.147256728360568028e-05 1.455466979219597321e-05 6.341176954594640927e-05 -2.220497712839526272e-04 -3.084566915227396946e-05 1.395573109974180366e-04 1.282036132173445977e-04 -1.107004233612382180e-04 7.058658605650541319e-05 -1.982285907855508243e-04 -1.471719445920605801e-02
-2.965043348220222999e-05 -7.825378846005326687e-05 1.579288692638074697e-04 1.128111283945078361e-04 -1.267238314752378633e-04 6.433386303589696111e-05 -1.626374104277916147e-04 3.193913038897554604e-04 7.719191219721458776e-05 -1.976331082943720422e-04 -5.802141637884484192e-04 2.948971843325287254e-05 6.626169049460048366e-05 -1.968734801799301715e-02
7.122646215168387774e-05 -3.508323798786242486e-04 9.315432909440635818e-05 9.552520905140592415e-05 1.317680283757085850e-05 9.634898867865539012e-05 -6.673610210391353278e-06 2.867969720199249682e-04 -1.159026009341009586e-04 4.986152540414747825e-05 -5.086855175958927777e-06 7.427153523078972143e-06 2.128150254979420159e-04 -1.349047289134514341e-02
1.390693242038302515e-04 -2.272580413202499408e-04 1.673076523162271464e-05 -8.589732236539707948e-06 -1.757766176858729012e-04 1.171582769520109179e-04 -9.419598208490210503e-05 1.064677569315419634e-04 3.860737701462677783e-05 2.423323183799720140e-04 -1.421882020546650879e-04 1.824515381999347651e-04 1.084088839877396125e-03 -6.179222884461529897e-03
1.204955614867149016e-04 -4.894140974169434088e-04 -1.118195775121312450e-06 -7.567588333819417242e-05 -8.171910825111798442e-05 1.340684341870776026e-05 -2.577537617342420725e-05 2.502145926250378695e-04 2.292849945602277553e-05 8.733547916107314065e-05 -3.217028665537428151e-04 -5.471908839802036497e-05 1.399841327488497668e-03 -1.128124115084863308e-02
4.442424626907936174e-05 -1.103533821335281952e-04 -2.840006588033136108e-05 -1.298017709025405062e-04 -1.828015254446095758e-04 1.444446620642173072e-04 -1.510827924637453152e-04 3.214521903077439675e-04 5.236708942636898788e-05 2.380033593670166655e-05 3.983712610151990189e-06 5.866833797465816434e-06 3.777586428647712472e-04 -7.609605608644660901e-03
1.341678851454504570e-04 -1.759941626228325002e-04 8.023932263264525202e-06 -3.896289994690850437e-06 2.530103626026272031e-05 -6.479521965668161613e-05 -1.012317199220577932e-04 5.133148147250139737e-04 1.415097683083718421e-04 1.133528711681773185e-04 -2.076633239682512807e-04 -4.710753376460300032e-05 2.229416997148554389e-04 -5.201346707767636086e-03
1.320948978359122244e-04 -5.130404358628701906e-04 -1.458176725622337599e-04 -1.298810907619450368e-04 2.765792475492432951e-06 8.736545889468697674e-07 -7.048658329222741595e-06 2.251255760077859125e-04 3.663241100252105658e-05 5.748866902580958098e-05 -3.875037322801809845e-05 -1.300814061658237493e-05 6.594401610442937470e-04 -7.765369644732844634e-03
1.318169521213105177e-04 3.805200535603293308e-05 -1.729203440101824800e-05 5.433553423409925404e-05 8.041336449538522674e-05 1.033174347361319814e-04 -1.257885988906619389e-04 4.199348931512681760e-04 -9.715164125871733226e-06 -7.716995310443303279e-06 -4.133682332685950769e-05 5.594641793158049850e-07 6.847606321937722363e-04 -8.807246968043244001e-03
1.598278601605098014e-05 -1.545424856581815022e-04 -1.731830863126031136e-05 -6.871911880996966538e-05 1.208259203448874887e-05 1.160389317465362381e-04 -1.564027918425970373e-04 3.594432973249251317e-04 -1.160434712620036910e-05 5.228435270377619517e-05 1.240759548022411438e-04 4.143559249949870860e-05 -3.799233325097739613e-05 -3.175658190242174918e-03
1.673537750979771973e-04 1.759129809792145391e-05 -3.303050984387665134e-05 -1.223585806126267534e-04 1.324825018492046180e-05 2.492309746679930403e-04 -6.820267999492985258e-05 4.275490900642722790e-04 1.615069078425964354e-04 1.501041324540592611e-05 1.091164718170503444e-04 -1.897475242898927347e-04 8.314487078871213559e-04 -5.245126121804680186e-03
-1.430467499795876788e-05 -2.411375603736499540e-04 2.799200503580862549e-05 -1.195206760287359553e-04 -9.618556756521768518e-05 1.532151253607656348e-04 -7.187033819198247655e-05 2.798952045474863734e-04 1.399318760290320970e-04 8.301070056402345217e-05 -1.670714998222436794e-04 -1.164161287440545524e-04 3.305689163932891026e-04 -3.681868187234383846e-03
-7.131042808898757289e-07 -1.321353708384680186e-06 -9.733405596775455940e-07 -4.637950684021898914e-07 4.316197689985088569e-07 5.266347640415246997e-07 -4.521020457050859336e-07 -4.902193920564804974e-07 -1.835519251912203024e-07 1.665213643605042728e-07 7.493292034343777863e-07 -1.058760326254401797e-07 1.261090811504462226e-06 1.097526510631312693e-05
-1.818355578900189808e-06 -7.138776171054468888e-07 -1.022951100287492357e-06 -6.250710107993465102e-07 1.454731615696732495e-06 2.594864931814431367e-06 -3.835616155538600312e-07 -1.039017846300482361e-07 -1.587587641072671625e-06 -7.309024265486589999e-07 1.651072282005764688e-06 -1.231657128350763242e-06 1.692815518076646404e-06 1.981036179130899686e-05
-2.518351149168608718e-06 -1.796520984572972226e-06 -2.814841383262153745e-06 -2.312577401284598592e-06 1.596399156993957148e-06 1.737824229133931812e-06 -7.162442311655794385e-07 -7.660470685308516539e-07 -2.160918452842451134e-07 -5.989203743930798260e-07 -6.031793605085420510e-07 5.658081399357681531e-07 8.537043932453012147e-06 2.457204419259343019e-05
-3.039819185522840960e-06 -2.147925207914191934e-06 -1.318292389782766193e-06 -2.141397078043967508e-06 7.421546172869156599e-07 3.439675891555517847e-06 -1.367806998029907072e-06 4.577145007042138805e-07 -5.613540552628864421e-07 -1.580350081114048979e-07 2.074565746389772429e-07 -1.574727743009678078e-06 1.013621929839859079e-05 5.917493385713703912e-05
-5.608596460825427935e-06 -4.063398567810906482e-06 -1.160039544190828043e-06 -1.496847871891262380e-06 2.979886803988744663e-06 2.344336815198957002e-06 -2.036084858558783610e-06 -7.828970676690683644e-07 -5.806401685393608459e-07 5.371503548695326067e-07 5.854572427830027130e-07 -3.631245054547439398e-08 2.890784588634304350e-06 1.177572074779849346e-05
-4.142160622213137638e-06 -4.323479981980898349e-06 -2.723461165798359788e-06 -2.537974966642073125e-06 3.609167198702641270e-06 2.923895186171103809e-06 -2.529394701725622235e-06 -8.742218488714920121e-08 5.677968463117256833e-07 1.016982365811906327e-06 3.098908595753676403e-06 -5.442672454142945094e-07 1.787423366427220509e-05 5.907558709483512179e-05
-7.244508125308117961e-06 -2.977265841519785506e-06 -4.599092914975609227e-06 -3.670603027586113476e-06 3.919637767035594883e-06 2.622657823966552153e-06 6.586527224922127110e-07 -3.957573659526657425e-06 -5.669142055744442908e-07 1.573603926119701541e-06 3.461503086044845092e-06 -1.457863236065246781e-07 9.899084915168100709e-06 4.155461244489073650e-05
-6.751983509732841158e-06 -5.157313099996125067e-06 -2.343928730289981674e-06 -1.969617737192518334e-06 2.708048799511257484e-06 4.359257918466849777e-06 5.596437309535668536e-07 -1.621233878183216937e-06 -7.673705352288475537e-07 3.364888307590803896e-07 -3.744245385378850172e-07 8.485870087922629528e-07 1.784569789554591842e-05 4.723479437898318861e-05
-8.751012517555903627e-06 -4.980478002102614268e-06 -3.375440331924842861e-06 -6.049961261304409738e-06 4.599814626601778686e-06 1.585964347060311804e-06 -1.244793777749288635e-06 -6.867322736494904601e-07 -5.338449095236345381e-07 1.034107450326562437e-06 1.158399064495232837e-06 -1.602277538184035419e-06 4.092682743428732908e-06 6.419895695008590237e-05
-7.141586811088499762e-06 -1.917260984649555447e-06 -2.781475624423572858e-06 -7.306277437758025066e-06 3.077561380175502752e-06 5.955153950333514346e-06 -9.785758039590926937e-07 8.093578572018348201e-08 -2.511154637616755469e-06 1.549760002085319653e-06 9.011842833324324788e-07 -2.008101305574403810e-06 -3.714250091805141731e-06 1.292900280030992736e-04
-9.623196082796545985e-06 -2.123610966358434332e-06 -3.330250584598369915e-06 -4.224079426558777092e-06 4.678809682454781483e-06 7.031825691358277442e-06 -2.247797960733565799e-06 4.879167871757091853e-07 8.167313534593062292e-07 1.457518009771926346e-06 1.148125446616579683e-06 -2.070470568870665464e-06 7.146077430358875516e-07 1.607714133430902608e-04
-8.473241204614216204e-06 -5.594123872331774048e-06 -2.196755204889175382e-06 -1.080851552385763063e-06 5.513241201938486098e-06 4.022379315167315530e-06 -1.411246620492387514e-06 -2.591354265158271375e-06 5.900265393724693864e-07 -3.497276380643195035e-07 1.517252106086806240e-06 -4.259901045098814812e-06 1.777887810136192555e-05 1.637558985379584681e-04
-8.903083412088901093e-06 -6.473081638549607073e-06 -8.934901357746612898e-07 -3.245632605465661345e-06 2.678336415734128437e-06 7.873126042177363273e-07 -4.462355205146001236e-06 -3.745202127444314453e-06 2.300107722855809548e-06 6.373618623598235820e-07 2.231675632558894646e-06 -2.320731092642692807e-06 -1.046213169216430739e-06 2.822649410069469041e-04
-7.659666205222279050e-06 -4.829016822385821904e-06 -2.193611338182211077e-06 -2.874334969587819116e-06 4.342351560220196131e-06 5.046109593044047644e-06 -2.702732904971255313e-06 -4.438137170906334425e-06 -3.401939793062593853e-07 4.020711663887672059e-07 4.217160046679039374e-06 -3.224437000658203849e-06 1.762183111004588291e-05 4.083672197724849619e-04
-6.311438963938854950e-06 -9.881229368327208997e-06 -1.897104142228373216e-06 -1.064712187709574664e-05 4.442481115465023233e-06 2.182694414393708262e-06 -2.715951598083292870e-06 -5.368331210433387211e-06 1.851676800386325487e-07 2.389845453017484876e-06 1.723456771888444906e-06 -5.127582690286215329e-06 3.479230971366012893e-05 5.696336644957645644e-04
-3.270250074688687974e-06 -1.042060267422583251e-05 -3.651468537246971309e-06 -5.155709322172949064e-06 3.628770311471660845e-06 5.748826136302176318e-06 -1.971056702662616851e-06 -4.428265350395216581e-06 3.444878479316010425e-06 7.635392243584523367e-07 6.295939933843700988e-07 -1.941507670679417876e-07 2.967882098381189793e-05 6.790022218057848412e-04
5.283200750451211964e-07 -2.843499381036411560e-06 -3.967244978616646126e-06 -3.983178789316551741e-06 -5.913909387887726628e-07 3.085093862571572413e-07 -3.767284325649100526e-06 -1.200327178352802864e-06 3.468655054629867613e-07 -7.455679698174034862e-07 5.403174138724271818e-06 -2.610754704493640709e-06 2.219230146854516897e-05 6.600517460850290844e-04
-2.325323827180643890e-06 -1.323537578475899169e-06 -2.802011869262969623e-06 1.252548785452168173e-07 1.066226228171564738e-06 1.367996750126555547e-06 -2.239304230777935374e-07 -3.479591425759556281e-06 -2.303178246720991372e-06 -4.105137537159314182e-06 -1.730369010728434581e-07 3.585135227162666408e-07 -1.012873661994443587e-05 4.795114557323482997e-04
2.017576713563795009e-07 7.651383726088662927e-07 1.917458885152270369e-06 4.215095895896634909e-06 8.329255147231700891e-08 -2.385596727012574799e-06 8.831914023684235312e-08 6.116848504279219974e-07 9.771527862014047211e-07 7.870676470076290212e-07 3.886473987392102301e-06 1.852090695698932244e-06 -8.434909291429021604e-06 3.101179519593703264e-04
7.906485402293189242e-06 4.325524435523140404e-06 1.272559339510313732e-06 1.709001023558949917e-06 -1.913500917254682710e-06 -1.374381647841197891e-06 -2.027353801964586591e-06 1.010034562474060919e-06 -1.415739446287698551e-06 -1.725934981995134713e-07 -4.746045360930235056e-07 1.778157492640791585e-06 1.391338390616873396e-06 4.169787751753439631e-05
8.266848940462929193e-06 4.764465014452300571e-06 5.417133128007212572e-06 6.686511468337622193e-06 1.786711366582296103e-07 -5.354187817530382893e-06 1.209568748157374654e-06 1.950588008706204110e-06 -9.602319362944487146e-07 -8.020955051295477755e-07 -3.891824101733569309e-06 2.433298345376748704e-06 -8.069834050594219731e-06 -3.528382120471178327e-04
7.238193665468176920e-06 5.409565722500481076e-06 4.659046552542305306e-06 6.199473312630338483e-06 -2.353987312990386459e-06 -6.545382549980931233e-06 2.973785488021572758e-06 5.652371767884522256e-07 1.025201678670542721e-06 -2.511864189270763872e-06 3.011538826100398295e-06 1.548700313288887642e-06 -8.780252594467246466e-06 -4.560901991237873159e-04
8.039214083308066295e-06 -1.972184333138976471e-07 7.967831565577488659e-06 8.170354557269962062e-06 -7.715585706839495948e-06 -4.976661303768995859e-06 1.166338923716611696e-06 4.917609694997347998e-07 1.398577490711739678e-06 -3.010251642452359666e-07 1.506586372563801661e-06 -1.603156752908168808e-06 -2.802230462835069921e-05 -6.536864382886677311e-04
6.394187403374673014e-06 1.500193074169118811e-05 5.051736043988355991e-06 7.731240683028377369e-06 -5.920667685908881073e-06 -3.966422925715469130e-06 3.564495024027377036e-06 4.190722127856983752e-06 2.021289564645385607e-06 -7.509412319585736785e-07 5.288066673711152714e-06 -8.847186929009462937e-07 -1.237371978541976061e-05 -7.801736976970528002e-04
2.960535454118996204e-06 6.944177254386872359e-06 4.153057677360014192e-06 9.496050927068902731e-06 -5.961078305134180982e-06 -1.049702558947187444e-05 3.494107273417716574e-06 2.498606807058478641e-06 -5.615708685955153453e-07 -2.065306664891238728e-06 -9.177914358718868847e-07 1.332592821503286714e-06 -1.246580833275172849e-05 -9.182518470118688743e-04
6.164618634584229821e-06 9.031944972005427741e-06 5.773733560001102906e-06 5.704094533194679212e-06 -4.235448949795932016e-06 -6.280591415446518015e-06 1.533105535089082294e-06 2.142944084522148049e-06 3.634053080477107417e-07 -3.446145448753914310e-07 1.830779721672960192e-06 -8.427342966553272585e-07 -7.589355055299120197e-06 -9.348222619948721697e-04
-1.731889876368873907e-07 -1.769615801247217155e-06 6.904254136074146910e-07 -3.117024013335052399e-07 8.370636165864583956e-08 -3.030740728366621151e-07 -1.082208785270252625e-06 -8.749965978117377500e-07 -8.604961242047027481e-07 -1.163134628243753444e-07 1.106356286968631028e-06 -9.842412932177006059e-07 1.078930398890553819e-06 -5.282059865289173023e-05
-6.622269299658539970e-06 -4.347924460489455486e-05 7.108318074843422372e-06 6.508459089955109016e-06 1.074116254959927005e-05 -4.798271742807011975e-06 2.487450736083582844e-05 5.150736615179214411e-06 1.129051277463449090e-05 -1.335417150667348792e-06 -1.697868811038838285e-06 -4.059405560259216109e-06 1.162588382157738061e-04 -1.308912041479473902e-03
2.864826661445201069e-06 -2.043165753579547679e-05 1.445143058106652523e-05 6.259661699201989881e-06 -2.977489598020565068e-05 2.180017859452802270e-05 -3.347046109215206600e-05 2.163066027026808120e-05 1.857462087673245133e-05 1.248789761260025300e-05 7.712347038198394682e-05 -9.965539168814336964e-06 2.022795529528175189e-04 -9.466899105714985350e-04
-2.148595925285790015e-05 -5.478892336690156675e-05 2.459039604382679925e-05 2.855725835097298426e-05 7.686324095889083316e-06 4.485378185925038151e-06 -2.145680163353743268e-05 3.285555088579543400e-06 1.546683372306236991e-05 -1.827104928613086608e-06 3.684524801791077815e-05 -1.705763979624590627e-05 3.685732211324382304e-04 -3.232843845891098054e-03
-2.424674808269209369e-05 -6.027469864350727636e-05 8.173420432074240705e-06 6.545571539683385683e-05 2.659617401941583249e-06 5.264518417186085888e-06 -1.571443543525386229e-05 2.966232653922785904e-05 7.352837784847908594e-05 3.345899166189555130e-06 7.579257308389752534e-05 -5.850456013645529964e-05 3.289963731845488206e-04 -3.466795539089862974e-03
-7.215592211762200876e-05 -3.683537715411909502e-05 6.855107049038676318e-05 7.021267369611188859e-05 2.181631885128604441e-05 -1.761134028370763204e-06 -1.762625280338399065e-05 -1.280280381154094066e-05 -2.375222483421108598e-05 1.628455639774266327e-05 6.736745141372331685e-05 -7.583155729388910929e-05 3.178624529179988956e-05 -4.351859625819282269e-03
-1.014775830357586198e-04 -2.026199565447875980e-04 3.344425758011206583e-05 1.149383801525937876e-05 3.189023658427522957e-05 6.040889024602476791e-05 -1.339334599576913259e-04 -1.533243485704067349e-04 3.690726532618136547e-05 -9.431770081813473767e-06 6.856879853968940832e-05 -2.946228244018464704e-05 4.175143418004648448e-04 -5.304462501395883385e-03
-1.986281205266540425e-04 -4.140451434443823462e-05 -5.576861019036997118e-05 8.547083550094398984e-05 1.226602674556479553e-04 3.880023087092651716e-05 -7.430401535259353060e-05 -2.188373246560309463e-04 1.250948651149334854e-05 -3.206797503570793111e-05 2.689021942217095242e-04 -1.244495861586673402e-04 9.916709082430923583e-05 -4.262280214116056717e-03
-2.175503243271624868e-04 6.146104099855390340e-05 -3.176815408746177545e-05 -9.206747152882031405e-05 8.065171363203125989e-05 1.688484212031105846e-05 -1.803521224617818147e-04 -2.232979927641382987e-04 -7.047237477406288193e-06 6.753569543618362521e-05 2.055729793268325494e-04 -8.091423196900070778e-05 4.681122812555698525e-04 -2.325242207891166889e-03
-2.998272098538630882e-04 -1.028681021781791986e-04 -1.757736332857558388e-04 -1.622285904589640705e-05 1.715958339573373501e-04 1.326954784940135928e-04 -4.956072120398151768e-05 -2.333058555702802075e-04 -2.368081611528794254e-05 3.917487402304514288e-06 7.989592576029712269e-05 -1.414506803893845858e-04 9.425519266621941580e-04 5.696125880601185520e-03
-2.966412727136820350e-04 -1.953907362351863528e-04 -1.904302753614316591e-04 -2.084911117070708598e-04 1.425270841321854163e-04 2.094287483256696881e-04 -4.397871636642804204e-05 -2.816527246801669689e-04 -4.288460430147775412e-06 9.719530273584799389e-05 -7.143961962208205524e-05 -1.579237641500929462e-04 1.403409021823025585e-03 1.443266150725553212e-02
-4.057598625003279425e-04 -1.669810263339811308e-04 -2.061397577098951386e-04 -3.279749310827834380e-04 3.106978466290425582e-04 3.584912541356739785e-05 1.286715493075248629e-05 -1.476190907278742532e-04 -6.250015760772289445e-05 4.158474158788579944e-05 -1.228015017614471891e-04 -1.418823599003489922e-04 2.545360042089831170e-03 1.678051901610421240e-02
-3.375676796906458229e-04 -3.660837543007463874e-04 2.201846698131684088e-05 -9.514393265861081689e-05 1.777043982329159003e-04 6.616454141801132055e-05 -1.771539295870036080e-04 1.983935250885152535e-04 -7.321607722156718223e-06 -9.202535331547282313e-06 3.273707670057527525e-04 -1.489656443761277951e-04 -1.345138021268456080e-04 1.095939837593313398e-02
-1.569043460573235312e-04 -1.867862797762675662e-04 1.224611364117865723e-05 9.256792393134404006e-05 -3.488454316578536651e-05 -4.104075382008549519e-05 -5.478233611911441896e-05 3.327323778556484884e-04 1.444430297758825916e-04 1.861350287896219917e-05 9.244987829743069692e-05 -8.268543817120313629e-05 1.500165041491382297e-03 2.465824982115280301e-03
2.911185160255713809e-04 4.593928381090218896e-04 1.471532114443469409e-04 -2.120011217082941847e-05 -9.851964384645565237e-05 -1.999864931433222720e-04 1.454179145642707038e-04 9.402759371504625574e-05 8.523690647738132499e-05 -1.643777433733983483e-04 -9.163108633202168157e-05 1.219754591599159910e-04 -2.616991164815314977e-03 -7.795588924904697098e-03
7.387042362645557378e-04 1.378892870608091855e-04 5.588617436140132589e-06 1.402156339999659283e-04 -3.395538779935180379e-04 -1.914353085239590383e-04 4.677090867173774912e-05 7.421088562253534530e-05 -2.092244581066547371e-05 2.438187327547599746e-04 1.741839759542179495e-04 3.602371272254441693e-04 -4.100547574646342189e-03 -1.066264888498321718e-02
3.851651399200457402e-04 -2.489158273836566482e-04 2.010978455276061171e-04 2.299779747290805413e-04 -1.933291712793851300e-04 -2.860407437127089223e-04 1.260816840196462099e-04 3.095893135809199179e-05 4.971460129437914788e-05 -3.491028140016215389e-05 -2.509350520514384993e-04 9.278259730954872603e-05 -2.433419009287038186e-03 -2.108840440593483592e-02
2.001790565817306836e-04 3.536054063688063892e-04 -1.277388145415321672e-04 8.985802717595220911e-05 -3.844553680800546266e-04 1.211941684411541644e-04 -1.122079346801224214e-04 6.329288543679428163e-05 -1.542584678129901409e-04 6.225299062409503707e-06 2.789823585048761692e-04 2.678445187531956653e-04 -2.090417453220657848e-03 -3.791187754289558013e-03
-9.663368484900925707e-05 9.374597660018137071e-05 -1.659401827494043005e-05 2.593395058352384740e-04 -4.707029684007151346e-05 -4.692713381077296124e-05 2.914092394710763928e-04 2.456729294599238503e-04 -1.012685607190991021e-04 -1.175485437922677733e-04 1.609614256895236625e-04 -3.812976335137382457e-05 6.821928594738675949e-04 4.631239686629939206e-03
-3.448389215636124029e-04 2.295449585376874792e-05 -7.338413993636180182e-05 -2.856840640734560383e-04 1.990908073157775628e-04 1.005971909921395563e-04 4.166659000871005111e-05 1.910863583615746066e-04 -1.132566565387194824e-04 1.435151662988402963e-04 -5.272908683231817374e-05 6.272830139694268161e-05 1.773456089987845161e-03 1.415485418728205415e-02
-4.220414226506896812e-04 -2.249262926232958957e-04 -1.076395828514094337e-04 -3.424810828149064111e-04 3.118603459223533831e-04 9.820227906126520446e-05 -5.013674630411523630e-05 -2.049246966143989420e-04 -1.029821146124271210e-05 -4.678359085322388033e-05 1.310775527638931217e-04 -1.346354952591156202e-04 1.910365381584480399e-03 2.026098389914279471e-02
-3.353353441424215104e-04 -7.663349614872514142e-05 -8.249155650905877252e-05 -1.607068904911424022e-04 2.418447842167358855e-04 1.312465837418962751e-04 -2.090468495703900890e-04 -2.202810919770622111e-04 -3.719525673157978403e-06 -6.202650934144962429e-05 1.066413276626150964e-04 -1.212443791037190726e-04 1.148350543442971635e-03 1.247916822204928403e-02
-3.364069213384003523e-04 -2.120101275103687709e-04 -2.337402458683833920e-06 -7.085474244280125830e-05 1.833691779665813984e-04 1.472208585405686244e-04 -8.238257560379819828e-05 -2.651468849693194635e-04 -1.347879370856001082e-05 -7.532922952627569494e-05 6.596503627033722071e-05 -1.257420894037788984e-04 7.644467347541868607e-04 4.355845925885261372e-03
-1.981884139896081590e-04 -1.987550710846340595e-04 2.876518530699464131e-06 -5.136197537085469258e-05 1.503992077023499560e-04 5.499143747048430614e-05 -5.018950716218115139e-05 -1.185331268402399019e-04 5.757212605884311630e-05 -1.504479313604674591e-04 4.259275049278774938e-05 -6.562830313673721782e-05 6.032087163198299922e-04 -2.680266278456983325e-03
-4.304737782872040762e-05 -7.567316356571234437e-05 9.976331990359932136e-06 -3.400003459410424653e-05 5.430485932550420110e-05 6.209516761360330244e-05 6.260238702275887400e-05 -6.627409175321816485e-05 -2.474151676047073095e-05 -2.949827101481606903e-05 9.211898285666339427e-05 -1.121226716422170572e-04 3.221184201203809564e-04 -4.331714430043448298e-03
-1.122767077810544350e-04 1.420262190812008856e-05 -5.664499835727043183e-05 4.778804498741689218e-05 3.052113935649104864e-06 3.291820107369609015e-05 -8.107561770420373764e-05 -4.333800174485508518e-05 -1.739214050570722991e-05 2.152071813244350282e-05 5.484561398099072445e-05 -6.286837244951584442e-05 2.330421582018332889e-04 -4.934960175655013492e-03
-1.372842024740801407e-05 5.385690942715965950e-06 1.421406282057653320e-05 -1.232205003306966724e-05 5.393793783095901843e-05 7.689791264918191462e-05 -7.595137826787130906e-05 -1.027910856928096993e-04 4.284716057264818014e-05 -1.691703331597018542e-05 2.029776727591633110e-05 -3.255640601400766365e-05 1.068868363034066051e-04 -4.681787187254676796e-03
2.504074331906885778e-05 1.108560930664967839e-05 1.195511933348995672e-05 4.407993794691259816e-05 2.192559343016993077e-05 5.411242594531247475e-05 -3.342797670456632892e-05 1.296502706902172068e-05 5.646840314509802915e-05 5.655885890576758906e-06 2.043421200836684012e-05 -4.541431233445380122e-05 -2.879164424743186045e-05 -3.603488527974197959e-03
2.184101689216607992e-06 7.659865900508670069e-06 1.420230500577395074e-05 -1.213676387318214101e-05 1.797199907679175905e-06 4.473871882494919404e-05 -2.641163669197250553e-05 2.004704375340033687e-06 1.617696561168536332e-05 1.015366239883172966e-05 -1.346287763407171009e-05 -3.435419120001108166e-05 -4.665210303568302641e-05 -3.065513609508013250e-03
-3.814542713366834791e-05 -6.234606059519867455e-05 1.331281150227579504e-05 -1.827266079735436594e-05 -1.111505301246097218e-05 -2.334186847784361515e-05 -3.762473931688075062e-05 -1.359378283957581753e-05 -2.742968626447120896e-05 4.954721827888570440e-06 2.140603414061790236e-05 3.622658624586727202e-08 2.058480303590202684e-04 -1.797136814311722178e-03
1.032906473781503057e-05 1.591166135906264207e-05 1.162224675293714926e-06 1.209169754157894286e-05 5.126001241537426606e-06 4.469432404411822501e-06 -1.054714184089489236e-05 8.824824767316819690e-07 4.798209694416690955e-06 1.840869737095158140e-05 1.479576838959278105e-05 -6.227337369531252289e-06 5.400153568386061888e-05 -8.984703447414211282e-04
9.703149523682616308e-07 -4.279760911089535894e-07 3.257453666218033798e-08 5.908653305757332142e-07 3.587626540918246283e-07 -1.905232347632244832e-07 -5.603740674747987241e-07 1.211530219766618866e-07 9.762780710549284405e-07 -4.321839123744625183e-07 1.851596871500261644e-06 -5.714118768537518593e-07 1.745448645309831957e-06 -3.188664399379135790e-05
-2.154800994900514548e-05 -2.537719050572325143e-05 -2.460295230069282037e-06 -4.842907186582940207e-06 9.820897134962388930e-06 1.224126441004080526e-05 -2.141603949035404740e-05 3.787706399757422566e-06 4.912485711755600317e-06 3.462355830828550427e-06 1.769711047952829693e-05 -1.397308152844902234e-05 1.359534927943572626e-05 -1.431238899711780163e-04
-8.584762903171256167e-05 -1.152384918029003081e-04 3.336587561297941339e-06 -1.015907403733066262e-05 2.417647802880138467e-05 3.750164910061240401e-05 -5.832647930080139690e-05 -4.888428830155623925e-06 1.152303338378578496e-05 -1.941306142566805641e-06 1.245717889075723497e-04 -4.491579817471067149e-05 3.122817911618670046e-04 -1.115767136970539225e-03
-1.161857896598469242e-04 -1.534331859826922116e-04 -2.928279031854761702e-05 -2.723365969803155531e-05 5.562596012220017913e-05 2.332414134113367107e-05 -7.809141140177332002e-05 -5.935586194611306297e-06 2.355371583295611231e-05 -6.369197217144400807e-06 1.531790989262147185e-04 -7.386213427173230145e-05 2.675068124302595516e-04 -3.393786562786351140e-03
-2.358128940762534739e-04 -1.964899831426861264e-04 -5.605884333717761620e-05 -4.779259715978514787e-05 7.825930564195812396e-05 -3.718933462516285773e-06 -7.861592993198837989e-05 -5.164609221164550505e-05 -1.186926287905795456e-05 4.071746373670563261e-07 2.649450109329834057e-04 -1.179593648372520841e-04 7.351733844590202733e-04 -2.678036086993594578e-03
-2.282856699108715950e-04 -1.294548352944410209e-04 -4.819382683103065553e-05 1.172830360461325994e-04 1.784591355352842831e-04 9.144434024308385712e-05 -4.393870904484758707e-05 -6.706139002724072933e-05 -7.790738018706691212e-05 5.421528140769492528e-05 1.643201441802593103e-04 -7.974831550119927247e-05 2.901503394549469314e-04 -3.938743420091106624e-03
-2.362576230545516617e-04 -1.655502020483905635e-04 -6.108027594214553515e-05 2.391581351613201951e-05 4.996719308030402662e-06 8.937207926374999352e-05 -1.342705175343833230e-04 -1.331882668984448457e-04 4.647633028893875031e-05 1.692920201896432156e-05 3.963259325155823825e-04 -1.561559317314735213e-04 4.656247106613419342e-04 -2.579245473280223581e-03
-2.786153856436681103e-04 -1.500634695323998884e-04 -3.121177608933606274e-05 3.513318141393389403e-05 1.067373431073075578e-04 3.674506571267952123e-05 -2.331387698906556250e-04 -1.486240637427912699e-04 -1.139117573029818268e-04 -4.178887040329188684e-06 2.971695227190876464e-04 -5.463476741373979285e-05 1.890079413518957812e-04 -1.647862630912386075e-03
-2.550284041082530166e-04 -3.276401073302846615e-04 -5.148959781362352252e-05 2.945262200703554380e-05 1.975369610751965860e-04 5.453579703539238299e-05 -7.632583140136325363e-05 -2.464937523235339006e-04 -6.545571776977042087e-05 5.895154393689592344e-05 2.368043035982702129e-04 -8.546135489186712844e-05 8.222647176040428791e-04 -3.807426607175828535e-04
-3.634133854066643582e-04 6.251893001164595504e-05 -5.926144507070219036e-05 -3.708963696044375718e-05 2.189892332722297391e-04 2.441157072111426916e-04 -1.292439943890013395e-04 -1.552542849366626040e-04 -5.030444164862062713e-05 3.812199456021063252e-05 2.031717237469878880e-04 -1.129978208533250524e-04 -2.033090407695533025e-04 3.399011284790056080e-03
-4.308741747299404045e-04 -3.177511655006111683e-04 -2.706987319397914326e-05 -2.544557591969617014e-04 1.329400393867358546e-04 4.263410238655644620e-05 -2.058743549017666267e-04 -2.156175696374445063e-04 3.172545289612349843e-07 1.116710168440567436e-04 2.161338898956062049e-04 -1.279261332326226829e-04 1.206869247625933167e-03 1.978904502237185514e-03
-3.681093886390941414e-04 -7.975957641961190468e-05 -1.405286201727031837e-04 -2.058865778434992464e-04 2.259451758753507609e-04 1.480801225534298933e-04 -1.063592815340949627e-04 -2.105317171538970795e-04 -6.215031468533690400e-05 5.106187289519455950e-05 2.046381115002196896e-04 -1.340079586614385690e-04 1.130166282103675212e-03 1.844021282839370139e-03
-5.204679019855070529e-04 -1.557114268884349749e-04 -1.606264302252250777e-04 -1.838961901957444781e-04 1.929447756298678564e-04 1.817961420662126543e-04 -3.543394130170647322e-05 -3.726908133036794060e-04 -8.654065914985906551e-05 -8.411384185080407320e-05 2.765670860609463705e-04 -1.323460843579960487e-04 3.913707869579029653e-04 2.845511470628145616e-03
-4.399921174877739023e-04 -2.842154577587629582e-04 -1.758523184899373815e-04 -2.982656927813991739e-04 3.230854052133889671e-04 2.012246615426539732e-04 -1.904267828431417068e-05 -3.054373725377782238e-04 -1.583962762655141674e-05 -7.119979381416301525e-06 -1.171505130872527773e-05 -7.147558047098096347e-05 2.142444274921883728e-03 6.776090107095568763e-03
-3.946624108098712520e-04 7.772216121944698457e-05 -2.408470912199634742e-04 -1.116830226501178190e-04 3.504110159032912332e-04 1.862241040630794133e-04 -8.492102559559421601e-05 -2.929763263282078589e-04 -5.881080840775207034e-05 4.487649249755527913e-05 9.336870295436368176e-05 -2.255635054898745355e-04 1.283931654112097261e-03 1.219804967103566874e-02
-4.305868426224761345e-04 -9.391599918018054085e-05 -1.796573457874391870e-04 -4.538068285881620027e-05 1.519298404453685747e-04 1.650590318342051190e-04 -8.247577926619813183e-05 -1.233696812848313561e-04 9.303399640700380321e-06 4.673328972257036494e-05 -3.167191698188370485e-06 2.324582104886988883e-05 1.238517581831350190e-05 1.187470156488808042e-02
3.365207952600123806e-05 -1.873193126985935473e-05 5.599803640728740368e-05 -2.067629072706800080e-04 1.471356205792144880e-04 -3.112362054476432724e-04 2.347403348802833535e-04 -7.174439865387905553e-05 -5.808465176862992663e-05 1.808274846435168823e-04 -4.187347812511511532e-04 1.054556246224606599e-04 4.686405720295267862e-05 1.036900902301274643e-02
4.800602831334133428e-04 4.708163964448196129e-04 3.074941671577834990e-04 3.018155585919199890e-04 -3.038530892659016156e-04 8.921224982067979406e-05 3.214226090635233842e-04 -2.336725282355861606e-05 -3.446928353934057093e-05 -1.104222271947294002e-04 -1.889987460819875947e-04 -2.728212022072041607e-06 -1.464038787312218213e-03 8.841369390755570226e-03
7.436454165845235225e-04 5.802237884914384193e-04 -7.329431910130018287e-06 3.054151335753818369e-04 -2.977782900807714769e-04 -3.439845631734006330e-04 1.201299170025680647e-04 -2.140343171913948309e-04 -1.389622953948529793e-05 -1.986123323852867766e-04 -4.068735303209315701e-04 3.313855717587855122e-04 -2.793831603854096159e-03 -1.430420797142143699e-03
9.822098862473944286e-04 5.068593465947247292e-04 1.874273666379699770e-04 1.226304000733607891e-04 -5.073249869010706004e-04 -2.744478558445128638e-04 2.544143905624179176e-04 -3.535494958885402179e-05 2.815404691684505003e-04 -1.491663129571029964e-04 -3.182514568284890719e-04 3.212258045599768706e-04 -4.314812780771891051e-03 2.529669726207077560e-03
5.811948286648988991e-04 2.447611406080517555e-04 1.512060798124702742e-04 1.936522438606055050e-04 -5.108566763490581019e-04 -4.699816533671712505e-04 2.351352657009356229e-04 4.230998578941581878e-04 2.596998716328337352e-04 3.490283058168772943e-05 -3.071441961349816001e-04 1.600575436965305217e-04 -1.025387850847192615e-03 -8.044602414536267815e-03
1.961629319368283499e-04 1.951110233794746895e-04 2.298777738552447989e-04 1.232381072636506134e-04 -1.347859993187979638e-04 -1.563159999573666894e-04 1.521971341494812572e-04 4.642155524589407093e-04 -8.386270302069869420e-05 -7.755127717480363376e-05 -1.812008028510384580e-04 3.700886566411835233e-05 3.303636791499888728e-04 -2.364373433298743365e-04
1.378678218960632655e-04 7.615800118301054272e-05 3.743503782596775058e-05 -9.851550150299162860e-05 -2.193671771498172311e-05 7.042426983599283958e-05 1.134724350680621979e-04 4.044066885229987101e-04 -1.039071656726417089e-04 -3.911394401771422233e-05 2.081725234694991640e-05 3.902406923642791537e-05 3.944460010632178299e-04 -7.366206165800862819e-05
8.827976394320291676e-06 1.594624682149727167e-06 -1.188513785449794211e-05 -6.645039924781180173e-05 5.801226949712239879e-05 9.223784978667157739e-05 7.152126920562307992e-05 2.564411597808714696e-04 3.955498362501687386e-05 -2.752040125433150971e-05 -7.161017912140916607e-05 8.070539808649713706e-06 6.894735565760545760e-04 1.402521387367032220e-03
1.447802443570650418e-05 1.641318561855277536e-05 4.397056957045270775e-07 -3.624487350867563676e-05 2.059098690844169573e-05 6.048754205364047698e-05 -5.384074885919387280e-05 2.932377514519363118e-05 1.164452357143517177e-05 4.465893040960879133e-05 -6.605139051634978896e-05 3.358425107574703492e-05 4.848248418383733355e-04 8.175994179834399772e-05
1.862831170939202043e-05 -4.268677187561337709e-05 -1.117409598355287939e-05 1.874778359808220232e-05 3.314962592129944786e-05 5.199068193382745602e-05 -1.024815949245112763e-06 4.197254601388310469e-05 6.543668967952740437e-06 -4.763424689998884021e-06 -7.514224414443704139e-05 5.261635127514198250e-05 2.404387671842174575e-04 -3.731531843989624019e-03
-3.986027177481031965e-05 -7.384004835020659444e-05 2.053205967440262900e-05 1.479981241913769410e-05 -5.006272214084526304e-06 1.067039367726980094e-06 -2.060612563687896459e-05 4.013040286621824012e-06 4.268634623660346895e-06 -3.008470292110965353e-05 -2.226191509021460823e-05 -1.611086930117979006e-05 2.545014381646506347e-04 -4.660356752773453862e-03
8.352035474763045789e-06 4.283014021594340411e-05 -3.983185305300204349e-06 1.425578214558608399e-05 -2.002874070214632815e-05 1.181645482456433982e-05 -9.797207591317838197e-06 1.537479678513911779e-05 7.535214234247909649e-06 -7.053077581621436055e-06 2.426594681694063733e-06 1.392402065678067933e-05 1.564706627965879563e-04 -1.890889491650292508e-03
3.491072725812084339e-06 2.271055608787643127e-05 -4.374383356932576681e-06 -1.302021260169607733e-07 1.601674420006054479e-05 -1.540019035608871539e-05 -2.577075801338220824e-05 1.342765237551089886e-05 -2.030505390108749105e-05 -4.205045857122980062e-06 4.337178038653304667e-07 1.738558663309356002e-05 2.919803651279330830e-05 -8.011692359838903195e-04
-8.209271616596880257e-06 -7.878382075945886899e-06 -5.673194943240310160e-06 -1.008919151803219979e-05 -2.648537734708912377e-06 -4.955849702761459043e-06 5.634294281351775643e-07 3.990971034456323066e-06 6.845275374593212911e-06 -1.121419223607397597e-05 2.211374628173946250e-06 2.054851870036901587e-07 9.927096502759304999e-05 -5.500783057369056962e-04
-5.062145329738699967e-07 -1.501708652482386279e-05 -4.838980009038310847e-06 2.075391910924420405e-05 -1.696737091338402336e-06 7.615680644880002301e-06 5.572301146884775593e-06 1.123370766301074130e-05 9.455757031764400905e-07 7.890801482543982333e-06 -3.647055797849581082e-06 4.082967784780047617e-06 2.029951704515030610e-05 -2.776381411614260004e-04
7.977371348978539779e-06 -3.022968946621826274e-06 1.166456312836935990e-06 2.467555655474371977e-06 1.178309704201949612e-05 -9.266398915226352933e-06 -1.971902411461943903e-06 1.284688679640972354e-06 2.514004187734359387e-06 -2.003691673885570244e-07 -1.118585313263557853e-05 -7.313857288256330423e-06 6.891549575236649940e-05 -4.819068093252058013e-04
4.607246750634858905e-06 1.532576571359839268e-06 6.348769016213993917e-06 7.540838657685992308e-06 -3.978468270954524387e-06 -4.598211329820113276e-07 -4.765540811697915622e-06 6.150108719972071703e-06 1.955191969884096061e-06 4.430327629752286087e-07 1.251273648653929748e-05 4.910269124643188156e-06 -2.628322995164593303e-05 5.428658521219594981e-06
8.461001274143965462e-08 1.913708461453810466e-08 -1.598270032279870473e-07 6.172927317703779455e-08 -9.854820158449992058e-08 -3.392720500644071196e-08 -3.274752215750483321e-07 -5.535439081397761136e-08 -3.417865292817607460e-07 2.587373384063947395e-07 -1.105307271864153696e-07 6.786759226948034086e-08 1.273211541951683638e-07 -8.326621256304058631e-06
-1.301492823262019627e+01 7.047900162552264192e+01 2.479583493303017416e+00 5.465127733471213389e+00 -5.653310101934214238e+00 1.317651465252519083e+00 -5.108096242993966918e+00 5.349040185226926480e-01 -2.234310699254784260e-01 -6.042912422067452383e-01 -2.193789664041149834e+00 -5.521215443141608281e-01 3.260340283661229854e+00 3.688629886684747561e+01
2.743424514679476504e-03 7.787150433876129964e-03 -3.423364636004784783e-04 -2.872639315401636956e-04 2.379102776216893676e-04 -1.886627729947865648e-04 7.726976835491959020e-04 1.004294422764969981e-04 1.064909969746072457e-04 -1.705774764714974195e-04 -3.208653455750854594e-04 -8.071042067840139328e-05 -7.903827074557721530e-03 -9.114916702260915382e-02
2.747842627835204738e-03 1.272901949988607465e-02 -5.802568788953607482e-06 -3.747752878163101075e-04 2.402531634548120821e-04 -4.561865079788583852e-04 7.141650732075213205e-04 7.384720879767628105e-04 4.094992150278116546e-04 -1.815524725551226630e-04 -2.543585083471567340e-04 -1.497840292706117500e-05 -3.792418954964221940e-03 -1.107924808377071801e-01
2.073638426044909031e-03 9.475048718348417012e-03 2.168101410774560657e-04 3.324309039520486177e-04 -2.677019013028247634e-04 -1.742103945999423761e-04 1.410784410728002658e-04 1.367623311480090087e-03 1.316143082473885284e-04 2.282192181714711690e-04 6.107274407605044924e-05 -1.896448717702161983e-04 6.295489781113021953e-04 -4.171109132379779288e-02
3.660244775442559337e-04 9.984297438897257564e-04 1.922881917604066660e-04 4.000203739950793807e-04 -1.481099211469871931e-04 -3.383018575049688320e-04 -5.251729133973125573e-05 1.044378053403712111e-03 -1.074967601345744951e-04 2.947508139444686101e-04 3.148744481927703127e-04 -1.492529051085709373e-04 9.780810244941898820e-04 5.824927624242407648e-02
-6.501160092511535076e-04 -4.068741858959518815e-03 6.069524472417348699e-04 3.963979890841749071e-04 -5.561085022786339772e-04 -5.846468005198771382e-04 -1.451002605437693154e-04 7.665274945724247094e-04 1.385970409192689376e-04 1.902800856681954931e-04 -4.261939277628375329e-04 -1.084486211593747255e-04 2.405641142952122811e-05 8.844279556997144964e-02
-7.930356236525003960e-04 -4.515193455691005574e-03 4.646133267411278116e-04 4.344842354917235702e-04 -4.248469865147114916e-04 -2.580883594284223682e-04 3.561056621174191130e-04 2.061105548957333563e-04 2.362210465095573549e-04 2.301920954348103036e-04 -3.641659780758672665e-04 -1.388702752667406658e-05 8.069321630566715772e-04 5.447271097108643406e-02
-1.127498751346378775e-03 -5.102228024540462863e-03 2.815370366739798776e-04 4.065463258531356867e-04 -3.660933150772189876e-04 1.218401547811527239e-04 -5.815618894652903998e-06 2.169614903828290416e-04 -4.934195414913860591e-05 -1.258578295134203261e-04 -2.653609184233167483e-04 4.196749073789326589e-04 5.522389879827049050e-04 -5.185645163922092057e-03
-1.109334679078666577e-03 -4.434957996009763169e-03 -1.349367367537213688e-04 3.379509967237394070e-04 -3.923387356236310167e-04 1.378490053543470395e-04 -1.313994650426524241e-04 -2.593553313524832793e-04 -2.392483821572645030e-04 -1.631146465894432122e-04 -5.079473089353287287e-04 2.130693748699104251e-04 1.742221899313382838e-03 -1.091573421909273773e-03
-7.633545174286645273e-04 -3.835800471228534812e-03 1.561665085953860299e-04 3.596803798804741625e-04 -3.977634678173039311e-05 2.770631080177653595e-05 -2.949051977358009688e-04 -4.721189676508513147e-04 -7.370697658387836927e-05 3.567942358121378858e-06 -8.652749757407346258e-05 9.281420189576476448e-05 1.874062178206601726e-03 1.314525248210803715e-02
-8.132024822548231634e-04 -2.786574508575585720e-03 -1.018251040530572624e-04 -1.010737110261180960e-04 7.547884273225646736e-05 3.788938396438474980e-04 -3.594308012625551047e-04 -6.326885234672338177e-04 -3.301866852347215575e-04 -4.195564194467617535e-05 1.992103190649191846e-05 -1.313300686051992681e-05 1.969590914388929821e-03 2.160259564087078921e-02
-6.885387062458054762e-04 -1.606691404720715210e-03 -1.308296783089214592e-04 -1.755167147224280966e-04 1.495976792401380504e-04 1.847483181524927276e-04 -1.405659709403897137e-04 -5.788972939186204369e-04 -6.203563820154544205e-05 -3.072071085414836231e-05 1.742744759426769581e-04 -2.389411659402083734e-05 1.569918145125868579e-03 5.576913578672374958e-03
2.488405252181673504e-03 5.759777297496821227e-03 2.478771599401998361e-04 7.159664808327852181e-04 2.234801876845779977e-04 -1.415109092218623423e-04 4.963852449686385936e-04 1.153311647979026302e-03 5.978794291384417411e-04 6.458823300158377575e-04 -9.432059554914063934e-04 -8.467277755420489016e-04 1.737660236511157042e-03 1.401323095695068341e-02
1.774829070443451539e-03 4.311552403542934925e-03 -4.136359566249213468e-04 2.855181955688938290e-04 -1.784730492612878762e-04 -8.435925239724916935e-04 -1.120391154696618430e-04 2.133826234188009388e-03 4.541040686903538483e-04 3.328560187480671985e-04 2.087166438755534183e-04 -7.843103665839178205e-04 -2.941784120810088735e-03 1.152837860967514949e-02
1.633779034223706902e-03 4.111051422780323018e-03 -6.537353887104853096e-05 9.989057335663628374e-04 7.687350013003668150e-04 -9.997632041103690984e-04 2.253529174487783860e-04 3.891399928433689768e-04 8.680664785533843313e-04 1.865790778622133169e-04 -4.061976174364401518e-04 -7.479945120824195263e-04 -2.196158147898896393e-03 6.692783286397456857e-03
1.238015504022690417e-03 3.235979715447067414e-03 6.365022073089775462e-04 1.196530223632403514e-03 -1.053186585854524841e-03 -8.342611497324788983e-04 9.009337437331337017e-04 1.599843941554262390e-03 3.887440461245207646e-04 -1.662946988953504712e-05 7.125287083110581681e-04 -1.337184609575832841e-04 -3.764606870335059866e-03 1.335974870432496756e-02
2.255701739827362009e-04 -2.641589310553578527e-05 -2.443045256050183143e-05 7.572227133494479202e-05 4.912716703748680773e-04 -2.152785732750384237e-04 -9.759888304662440658e-04 9.141223339788269757e-04 -1.641165386361810531e-04 -2.176434685323281454e-04 -7.683693078664740423e-04 -4.858817116581562521e-04 3.415601711413454936e-03 3.864171185228948077e-03
-8.693364813986573323e-04 -3.054946660421688047e-03 -1.134483469998895177e-04 1.407850850086258859e-04 -1.321468876962090253e-04 -4.436173780682994231e-04 -7.946581334847957609e-05 -1.271898918906472383e-04 1.057551265968371187e-04 1.686222141159836774e-04 4.266166246507298461e-04 3.544327620002795634e-04 5.028198740843709512e-03 -6.332480202653714859e-05
-2.829552534727601543e-03 -6.898831508035449880e-03 -3.042736379990299955e-04 4.819634339625672361e-04 2.519067816729099224e-04 1.309878109320963520e-03 -3.853446264886068438e-04 -1.557414466345597576e-03 -6.432278289906216045e-04 2.695278735831957683e-05 1.379310380512023711e-03 1.287588078871903900e-04 5.068854686541519189e-03 3.175038687166713280e-02
-5.295816355635075273e-03 -1.544154092276883890e-02 -2.334868562001759780e-04 -1.835878856584704849e-03 5.004551675550316933e-06 9.961691847042868954e-04 1.316205263898675298e-04 -4.114828044774412538e-03 -1.410579507542649097e-03 5.703070820661580953e-05 4.279528712881791900e-04 5.349446285701516370e-04 4.789670280040389527e-03 -1.166329243668375037e-02
-5.824356557995663715e-03 -1.327847518871158247e-02 -7.771406470392839714e-04 -3.311042421930612129e-03 1.221512375746203367e-03 2.534247605866900808e-03 -2.439800652670894975e-03 -4.241158064944474358e-03 -1.067401038079717705e-03 -1.199150509015601109e-03 7.389207117716413073e-04 1.617077547264641774e-03 1.939304327010145509e-03 1.735830921947870489e-02
-5.995115986564097639e-04 -2.118619345450820698e-03 1.306251614057518998e-04 7.799171730046330876e-05 -1.076498031825236489e-04 9.268607868920594869e-05 -6.586867621816921514e-05 -8.183800384603535894e-05 -4.680888675863583001e-05 -2.257634894949372932e-05 8.433046306882293860e-05 2.224214280352900975e-05 6.542123817201211597e-04 8.720749515400859006e-03
-5.161650058506999858e-04 -2.087203276839254794e-03 1.737592624347311741e-04 4.261694962012051434e-05 -1.055343809922475531e-04 7.087921237458667703e-05 -1.725674139819720104e-04 -3.924464162196321409e-05 5.854747285143260393e-05 7.926640876236997716e-05 9.586413773906437858e-05 5.736140285400599507e-05 -8.400841868013473690e-05 2.085542499133144836e-02
-4.059342762126134842e-04 -9.097514511973463962e-04 -2.112309040244810020e-04 1.672334603256733884e-04 -2.327169597385856140e-04 1.092397869696556901e-04 3.135451279186302721e-05 2.706440425702388982e-04 -2.968195269346195057e-04 -9.904210497105842101e-06 4.933925452870315063e-04 -2.617412214120295460e-05 3.062321517673326741e-04 8.743441013975422615e-03
1.797475179344366165e-04 8.347461610700232385e-04 -2.246422587663408828e-05 -1.770776215528370977e-04 2.209532028554230757e-04 -8.673251844380661189e-05 2.596098883335568074e-05 -5.726731716009988225e-06 1.876029523601155168e-05 4.680093273817327777e-05 3.647477530388986626e-04 -2.479646319611074541e-04 1.712304815386794321e-03 1.156061731446507478e-04
9.688330205840042265e-04 3.696074820052775833e-03 -2.398442378395422125e-04 4.015118054656180977e-04 1.125066321662064367e-04 -2.567621056343566280e-04 1.629332599346941372e-04 2.823693049796687773e-04 -2.319393628456444705e-04 -1.142831542040681513e-04 -1.241704917058908462e-04 2.418961620440432663e-04 -4.278773108713420249e-04 -2.048236449656008415e-02
1.820077596163369562e-03 5.830185812800361619e-03 3.816382775836194008e-04 -1.743541133590553152e-04 2.119406875475617175e-05 5.766766026026727912e-05 4.360667271230875795e-04 2.938045297534718240e-04 4.256295837276722780e-04 -1.706181096465399268e-05 -2.637689178728723255e-04 1.524836186489305831e-04 -6.227016161216529858e-03 -3.035449335830392101e-02
2.038753861117778999e-03 5.948835323453079832e-03 -3.410561634538852556e-04 -5.057525664296463972e-04 3.276688177432258162e-04 -1.195093824867902435e-04 4.104194932598230982e-04 7.841599701191992314e-05 2.869766229285698766e-04 -1.874383316215517557e-04 -5.171829526162373403e-04 -1.458900251181747122e-04 -6.663844924735314729e-03 -3.877168484059398401e-02
1.587082208509049295e-03 6.113729248690469298e-03 -6.813236153962503791e-05 -1.886798663235722876e-04 1.022361653746727792e-04 -6.075824224326958905e-05 4.374176263691070842e-04 4.519542007109609433e-04 4.210383021351907706e-04 3.054648279787945502e-04 -3.484211267842897896e-04 2.563258143619157685e-05 -3.154850802326384426e-03 -3.990564808191674612e-02
6.427536707210821125e-04 3.332352330023080275e-03 -6.059506623783395528e-05 1.601035882196439274e-04 -3.140825718656515457e-04 2.409056778020728486e-04 1.173078227093865854e-04 1.809560924483881038e-04 -2.565563141052197883e-05 -2.127438271531513578e-04 1.857599416251683221e-04 -3.108009723759782992e-05 8.487595432294575476e-04 -1.333453742195180210e-02
3.405832284435480290e-04 1.126274608126098115e-03 -9.345802267175455484e-05 1.761785905212720490e-06 -4.348978401814199677e-05 -8.351182923096947422e-05 5.669309206426618116e-06 -1.926862122965408507e-06 -2.686419003061001976e-04 -1.256447294998658205e-04 -1.064755539336303963e-04 1.452842783921699397e-04 5.923217629811862971e-04 -1.317649954681946942e-03
-1.887698790445467697e-04 -1.173965065034226389e-03 1.680256046053265294e-04 -1.467304995982860263e-04 -8.505057173681772743e-05 -1.413257474217707215e-04 2.653497827745538449e-04 8.326276742329494554e-05 2.458210110659896671e-04 1.381391775978344828e-04 -1.317193999792059828e-04 1.102525433132330951e-04 2.343502935223348328e-03 1.259274968148036376e-02
-7.223675233935483546e-04 -2.600397675126148514e-03 7.679423578825995327e-05 -2.941209149984909524e-05 -1.367811984821693026e-04 -3.419278487071653078e-06 -2.991423138593533458e-04 -5.953388089049422603e-06 -3.485197949749382429e-05 2.992444157637141568e-05 2.729925537950039457e-05 2.834173609031123156e-06 1.291723455628468161e-03 1.843774907900359167e-02
-6.088960009717618886e-04 -2.302894571987634115e-03 4.184086185066051270e-05 9.871835799085803957e-05 -1.588879779044562494e-05 -1.591247996252172196e-05 -1.498131603407660520e-04 -2.101651444174731291e-04 -5.108956609580929246e-05 -6.610514530070480896e-05 8.206637492090937847e-06 -3.471452424108920570e-05 3.258893962375561631e-04 1.886534682020715118e-03
