-7.159031402161360191e-02 -5.986994101450567041e-02 -1.100939181583750065e-01 -1.165443148012785951e-01 1.252430040184137616e-01 4.148943269229625475e-02 5.871618715933206271e-03 9.095152861170583414e-01 3.263642758598858662e-02 6.391243137203744817e-02 -1.299203296836037858e-01 -1.404650029304095084e-02 -3.739651127225974703e-01 -1.504122994256468182e+01
1.514059999475163981e-03 -4.660474071260003169e-04 2.494093577394065897e-03 2.455629793060239412e-03 -2.121183694298787309e-03 2.124688675497526577e-04 -4.097409693770880578e-04 1.062107198104021320e-03 2.291343713723527267e-03 1.330116020010693951e-03 3.488025238798275925e-03 8.009932350808482947e-04 -1.875527794573530679e-02 -1.632447117934664460e-01
1.660169630773523008e-03 9.840871053774418245e-04 4.549593260769974268e-06 6.226586631876717716e-04 -2.126001912911045291e-04 -9.377804947655348942e-04 2.462246130222103032e-03 8.772616368377155610e-03 -1.844377415052088744e-03 8.187846322194740649e-04 -4.238474104767049903e-05 -2.132325896506235695e-04 1.132078984245233613e-03 -6.881815485460741899e-02
6.381338027468435366e-04 1.390134086703475897e-03 -4.429593372290017614e-04 -2.129507809623292988e-03 1.888589151104185350e-03 -1.792215898529096177e-03 -9.024148885257671053e-04 8.859939787456517363e-03 -1.094767960646764572e-03 -1.256742500960401562e-03 -2.134849760889366566e-03 1.212803047577507400e-03 1.494289238272301576e-02 8.886295126631403585e-02
-1.860281422962364872e-03 -7.817915313132120644e-04 -2.319977207636452279e-03 -1.449970107819406042e-03 6.472584179898098131e-04 -5.590342253214768776e-05 -1.780655682841536861e-04 1.488936105118532967e-03 -1.283119748566947677e-03 -9.022558709157170670e-04 -3.650615242755722491e-03 -2.522204650460992798e-04 1.526654317112763858e-02 2.507022260849112727e-01
-1.831089097491034713e-03 1.870272949381729887e-04 -1.272770326991535953e-03 -2.406352146886111404e-03 9.794859077251712783e-04 4.400044705946750691e-04 -6.441423147207146586e-04 -8.010523587734078715e-03 -9.074436070835481104e-05 -2.174339136444915276e-04 -1.358753255887992740e-03 -4.544058019496676534e-04 1.442313446954930981e-02 1.666745494417371520e-01
-1.984863230943522024e-03 1.293224432754062556e-03 -9.766720807070931789e-04 -3.848552543364130150e-04 7.677306119372328706e-04 1.120078992166967906e-04 -2.698331585655051575e-04 -3.933377622999738657e-03 -2.852852629850194800e-04 2.077792129302594474e-04 -3.337898634315142462e-04 -3.191780763138032440e-04 3.405755555975837311e-03 1.041484908679260295e-02
-4.523825798839626049e-04 9.441137323067850140e-05 -3.108944543730780981e-04 -1.137834475917470637e-04 3.540896925135456172e-04 -1.048439555128545205e-04 -1.599273670152072087e-04 -5.108816909784787835e-04 -1.215096531271739582e-04 -5.850111581390006330e-05 3.344386686249035978e-04 -2.191514754220694997e-04 1.314543780731859419e-03 3.351193864187345089e-03
1.400793788768882678e-03 -1.041915415592517270e-04 1.164255185822955655e-03 8.724976469001917987e-04 -8.926164304988942842e-04 6.359668194156341573e-04 9.000699909384690623e-04 -9.939640310147146267e-04 1.044535835566661299e-03 8.853656590861558144e-04 7.677956334771514216e-04 7.211959211502244529e-04 -1.089258016439260783e-02 -1.486733634968445961e-01
1.697346699640758056e-03 -1.058107595409004840e-03 1.469106173565797990e-05 9.679355084116578883e-04 -1.069580492287462844e-03 2.327257907827604867e-04 -4.734888622422246045e-04 1.155488629272965638e-03 7.307571160285901207e-04 -4.433822868053837818e-04 5.228891601119614639e-05 -9.010957635429727493e-04 -9.083272372417310406e-03 -1.454116254787983509e-01
1.045265752372149907e-03 -5.376486833449030693e-04 1.787785562849872681e-03 1.252835774524645261e-03 -2.675405017950375185e-04 5.769994380909770383e-04 3.087130797959585882e-04 2.001911158312178786e-03 -5.342336871106131638e-05 8.499501940472168043e-05 1.136300286354796673e-03 9.433141575476124358e-04 -1.048590224166114776e-03 -5.847021652589628332e-02
-2.922175250576003144e-04 -2.146173690265884299e-04 -3.105817019436430629e-04 -3.067925010423122535e-04 -2.501722415691479888e-04 -2.525846791219768408e-04 -1.061453036857432542e-05 1.065071028378640049e-03 -8.607779487530355415e-05 2.141113216019044330e-04 6.666417927570944155e-05 -1.058510095679257839e-04 -9.825802282381578803e-05 -5.259751664923846028e-03
-5.510166808927876659e-04 1.644747959311054048e-04 -3.452721423276854280e-04 -4.711736190127792639e-04 2.660284583422957796e-04 -4.218137754979577015e-05 -2.655651405017537279e-05 -1.255375236511194019e-04 -5.761485419837359540e-04 -5.402321580097468618e-04 -1.573484212350389545e-04 -3.596437885735644396e-06 3.476822141911373783e-03 6.732513691180090631e-02
-4.545306802354827152e-04 2.446343725151088705e-05 -3.317530939617004604e-04 -3.392208933719874928e-04 2.133008171696887758e-04 -2.925407099104535978e-04 -3.861639208258753710e-04 -1.748235933276295765e-03 6.942084437387589584e-05 8.642241225967260091e-05 -6.367419208107452742e-04 -8.281811058134152040e-05 3.509091250790235140e-03 5.092923639863040225e-02
-3.801983589427668339e-04 2.549200489761189016e-04 -1.523993705542235112e-04 -1.971917532927465022e-04 2.729423861411954923e-04 9.117673354362797590e-05 2.233105249957344481e-05 -8.343098516045427274e-04 -3.667389516338398969e-05 8.019846226501108034e-05 -2.195392523588819128e-05 -1.485885825806410173e-04 1.200754968942163107e-03 1.385953384538821977e-02
-2.037129772920111693e-04 6.242689187020750337e-05 -1.597569671545074612e-04 -6.831511153656954366e-05 1.302798402790238694e-04 -2.555421019506577961e-05 -5.511555098758138291e-05 -2.075392375064179272e-04 -5.631138417222464148e-05 -5.199336267558060247e-05 7.335052312398048836e-05 -6.556322703998857101e-05 3.719516241953336349e-04 4.712757951405347444e-03
1.834095184747695111e-04 -5.346374230517962422e-05 2.505546770457554938e-06 5.597429014342554418e-05 -1.054041293902108217e-04 3.121352744144506683e-05 -5.836192717684707753e-05 4.094422239155297142e-04 9.876057200856874904e-05 1.263708806871039164e-04 -2.251998374816668367e-05 1.087269642925440440e-05 2.544738908609942007e-04 -7.177682952933902259e-03
7.139481292534802356e-05 2.186156818668514001e-05 -7.163628491497373958e-06 -5.489669626608817838e-05 6.047164300816159933e-05 8.451994077816978501e-05 -7.218232775874726110e-05 2.566695994685920133e-04 -7.232999198622469146e-06 8.267735452326133852e-06 3.869186966881372862e-05 4.251451928233499346e-05 2.808399310929802356e-04 -4.225114509495045412e-03
-7.148186114922818173e-05 -9.453413944121871694e-05 -4.250963171415664775e-05 -2.110541696642195657e-05 -4.050324383568783509e-05 -1.550030004779372696e-05 6.393452695279894303e-05 -2.930738571712906298e-04 -6.611037542718256241e-05 2.422128725925848155e-05 -7.584919194906201718e-05 5.059516163935443413e-05 -2.519839700619968246e-04 1.647004814351932548e-03
-1.403127882639560559e-04 4.880020012341152889e-05 1.693578561525179110e-04 1.386155673720382677e-04 1.371484721225710952e-04 -9.352938705103310197e-05 1.203457781845125298e-04 -4.022130010753103657e-04 1.403565463540284888e-04 3.949937859335646252e-05 -8.247577035571008889e-05 1.487685327873062770e-05 5.632265640371328678e-04 6.832969892170136748e-03
-3.666684146035247504e-04 1.596033533926903515e-04 -1.819714140325623408e-04 -9.283515276921349996e-05 6.268782513442990359e-05 1.029109650280884345e-04 -1.429972231029445794e-04 -9.933788141690158991e-04 -1.273109682027072430e-04 2.458132153362952219e-05 -1.162463635619604422e-04 -3.645754819402480837e-04 8.625090272541597767e-04 1.755444141898220012e-02
-6.521551253549359240e-04 2.951749275563014504e-04 -2.410155703318242709e-04 -3.652946490285893929e-04 2.250354543487766493e-04 -2.250787167866618132e-05 -2.475277154429796978e-04 -8.877750204724819353e-04 -2.407721365742775403e-04 9.164390626500852662e-06 2.387907917814247765e-04 -2.130855849030695109e-04 4.680573430283180118e-04 1.575551253531809817e-02
-3.177268139132635011e-04 5.956109874029987992e-05 -5.548685610694196850e-04 -1.099117425029353550e-04 5.766980416377408356e-04 4.145881482209076295e-05 -2.102098436407722512e-04 -1.167619619787415132e-03 -1.031809550143180049e-04 -2.176554917047154934e-04 8.675241041053537562e-05 1.472444984498997481e-06 3.157472821529810035e-03 1.774001325608111010e-02
-7.039397937444484207e-04 1.235766115313584811e-04 -4.399860360532776714e-04 -4.464944501087401811e-04 2.499652556475206728e-04 -2.376341109277497283e-04 7.132489468573914182e-06 -1.035584838819428614e-03 -5.620664086278269917e-05 -3.747465131032354300e-04 1.618450867973109358e-04 -1.916305943226829795e-04 2.022909651986858580e-04 2.333609712395556812e-02
9.539476812559453123e-01 -3.131582146680491618e-01 -2.485658576244549056e-01 1.405992603919855033e-01 -1.868149068233281307e-01 1.776475618102431597e-01 -7.688374699880569374e-02 3.303184202709832373e-01 1.533021647796599211e-02 1.318452110765879447e-02 -3.777303662401941542e-02 4.110852393687195599e-02 -8.750156790852858801e-02 1.380613128015814706e+00
8.204778421406264512e-04 -1.413995028753777276e-03 -1.291050085071435215e-04 7.362550440403993696e-04 -6.204538804293086452e-04 6.192776160640239326e-05 3.489962943984817388e-04 -1.920332497803453695e-03 -1.169579582193833823e-04 2.840345904210728298e-04 -1.184383336294697392e-03 -1.308459355775738178e-03 5.469073726866011467e-03 6.891380949681225054e-02
3.373764811968216096e-04 2.078444805209431288e-03 1.330316301531901018e-03 -1.217105844364140248e-03 2.540513781118374512e-04 -1.716950389139134617e-04 -6.770702746557559232e-04 6.043134758375018518e-03 -1.655873994820646685e-04 -4.093379426649521339e-04 6.926419117935596250e-04 2.080532114651304464e-03 -5.645980275131598156e-03 -6.881925655322210233e-02
-9.973282028593031569e-04 -4.620871632746493575e-04 -1.523293704447891512e-03 3.545174146717564533e-04 -3.432541167885805192e-04 -4.286065437908023951e-05 2.531176812282834960e-04 -1.937002608112613385e-03 8.577789462157170116e-04 2.550245399072931522e-04 -1.171537787271757390e-03 1.780992510909335576e-04 -2.640512244851792078e-04 2.501380349786053170e-02
-3.079522859987648812e-04 -3.396402016954696190e-04 9.791511649619674977e-05 -4.691280938083650998e-05 3.730226581092857432e-04 5.026860671512576494e-05 -7.814193037322493605e-05 -1.379203215299293654e-03 -2.182138381822694743e-04 2.098379389743545450e-05 2.246055217014295154e-04 -3.163203606796450391e-04 2.608297389927456949e-03 5.023438708689798547e-03
-2.901661211656163340e-03 6.809094960064401153e-03 1.562917440282614984e-04 -2.953248735419894693e-04 9.791731985626819876e-04 -2.242617246998025900e-03 6.118448761077272511e-05 7.959975210738531870e-03 1.328561635413276270e-03 -4.531892794746543028e-04 4.706062589368181543e-04 6.102636455522395887e-04 -2.076223143241049882e-02 -2.890654589596717838e-01
1.511898384343393631e-02 2.255203213325880293e-03 4.889306140286153301e-04 -7.378929941341630947e-04 -3.029594186837107888e-03 1.147256945918411533e-04 4.247234866053077249e-03 1.649490648245433011e-02 -1.141572053120489113e-03 -3.072283640043332333e-04 -1.294277253613654094e-03 2.513085559769476403e-03 2.181019151120537711e-03 1.210462539792090814e-01
-4.290649033718464331e-03 -2.195752344751859906e-03 -1.585368594242208911e-04 6.934244289861241778e-04 1.161808966023039631e-05 4.222882572791243757e-04 -9.952705244121212887e-04 -7.116061242936585693e-03 4.632916943314659321e-05 5.113339103306063522e-04 -1.153045685939131128e-03 -7.445781619000137663e-04 7.082583442105272464e-03 6.922192043175166842e-02
-3.495632147069012386e-04 -6.892672953613388203e-04 -3.150589148560359705e-05 -9.705742207721604895e-05 3.811621262016989331e-04 2.054302724756900311e-04 -3.391362381926118206e-04 -1.384156620851539335e-03 -7.906158763682329658e-05 -7.795786279264068979e-05 6.884051998582596142e-04 -2.594011657163778815e-04 3.097045710950972123e-04 -1.682939419820472923e-04
8.728399195719716659e-04 9.892281790842633732e-03 2.107406650578253849e-04 3.636468998865560916e-03 -2.654344675582161282e-03 1.340154306133661908e-03 -1.217820412087143589e-03 1.407243458286274417e-02 1.165446115305603060e-03 -2.161614381783740109e-03 2.233442773462474603e-03 3.988335484292633419e-04 1.639585144609586806e-02 2.776010726842823018e-02
1.439968486777100203e-03 2.650966287905970158e-03 1.283115575066401002e-03 -7.643166347788173109e-04 -1.048132513593265586e-03 -1.840498600660596005e-03 3.170075414263920973e-03 -9.215345091222586780e-04 6.464698939501286505e-04 2.499543830648271858e-03 -1.773575688095974838e-03 -3.941267312250211832e-03 4.593111828555620363e-03 6.137395917059966727e-04
-8.969247818640958478e-03 -1.808291380082460362e-02 -1.657977411854022172e-03 -2.369962673937903077e-03 5.527956247885577185e-03 1.893240248211637685e-03 -4.505256524431419315e-03 -2.813799189849438762e-02 -2.191439581155572771e-03 -7.426114389895056172e-05 1.616788866703262623e-03 1.274854896569857596e-03 -1.157396850453557002e-02 4.626219101995198563e-02
-1.916254761804799500e+01 -1.582558010276168403e+01 -2.288385210573946793e+01 -2.305327873026303820e+01 2.439386335535786898e+01 1.097055120929752192e+01 -4.304119716929564632e+00 3.923617482781298094e+01 1.949096406845568286e+00 3.281781382244522760e+00 -5.436513981589333966e+00 -3.138278305905900734e+00 -1.817959479990214078e+01 5.365895404137958735e+01
4.612682204464693767e-04 3.924402864915050291e-04 1.033985067992032863e-04 4.885203309348701024e-04 -6.365939515966828220e-04 -1.455853528802278287e-04 1.009256264025419788e-04 -3.050941843486773856e-04 5.986122511420752289e-05 -1.610321058296872436e-05 1.171021841151058056e-05 1.258710788414577238e-04 -2.644824172771587448e-03 4.593460834465673374e-03
7.402374520133281691e-04 5.330731528414895835e-04 9.609708312899025925e-04 9.020232368674675413e-04 -1.032321148903974977e-03 -2.458976459866979111e-04 2.095187645453403490e-04 3.081444160619991397e-04 2.666162414415592470e-04 1.764416106095554042e-04 6.072446698857391262e-05 1.589026124676531904e-04 -2.822832934541607674e-03 -1.434145145716564200e-02
9.116312471650916570e-04 6.118084040961248695e-04 4.936305083423802361e-04 1.185581444690925364e-03 -1.362003012302349329e-03 -1.923672490901618911e-04 3.669817066802357071e-04 4.189798604617170027e-04 4.863174223006492831e-05 -1.724874532867298510e-04 2.235945883866212729e-04 2.212946368421247697e-05 -5.197727423612834123e-03 -4.757917537990074414e-02
1.201604743562340169e-03 2.003276669022402813e-04 7.930317616369294458e-04 1.184884876863607963e-03 -1.294712643172532540e-03 -4.958852896907526685e-04 5.847264790122232636e-04 1.073452465969593119e-03 1.200191558746669377e-04 -6.634524776598038306e-05 2.570937422676816317e-04 3.507458892827344365e-04 -5.330807612244406989e-03 -5.378393329118354854e-02
1.152853312432055612e-03 5.991039000846010631e-04 1.289093969323569164e-03 1.604368814351246056e-03 -1.096774112759213871e-03 -4.687845740957611944e-04 7.872570627203004986e-04 1.913545492970001195e-03 2.702575892946377568e-04 5.417471253930398800e-05 -2.007143972773198226e-04 2.024016309930530441e-05 -4.331763059756004591e-03 -3.735866618695955071e-02
1.509222753402538007e-03 1.043041988970578367e-03 1.712877149096183769e-03 1.030673834517111410e-03 -1.568776098840245908e-03 -2.421041799033838413e-04 4.532866476108252736e-04 2.659839793435046611e-03 -1.128707005982723709e-04 2.732844304039834440e-04 -5.253093339117943274e-04 5.641280292863899400e-04 -3.036919631745450127e-03 -7.413826608500537381e-03
1.048817856574219389e-03 3.138507932276534958e-04 4.337291805777101681e-04 7.564509906330561459e-04 -8.892172597371682773e-04 -6.023730562653304083e-04 1.752680214480131684e-04 2.894521584029285596e-03 -3.011528172220217224e-04 2.757874548358607886e-05 -1.266520105010964588e-04 3.310805709652949900e-04 5.572981991414274316e-04 1.787468997555257885e-02
4.755723492581227004e-04 5.810192891549099785e-04 1.056629853749254571e-03 5.961007346960282057e-04 -9.674251417083885689e-04 -3.961176181931986466e-04 3.916600524207326317e-04 2.686964559643280088e-03 -5.489023301015417202e-05 -2.828030560923881629e-05 -2.663103244952313205e-04 2.472577763680750473e-04 2.484677273657022629e-03 6.224679293863959184e-02
3.056693149400008941e-04 3.275038243339434296e-04 9.191001158071944877e-05 8.750731421974335177e-05 -1.756428122342160256e-04 -3.967469872697538093e-04 -1.935481462220609461e-05 1.182157742584332653e-03 -2.422818765701316456e-04 -2.629137800103287692e-04 -5.711708072903232082e-04 2.946193222764180962e-05 2.760763359435897558e-03 9.298372731447031303e-02
2.345970144020691508e-06 -9.767553334228716642e-05 -4.240474411161292883e-04 -1.979847990526922385e-04 3.722770192988174949e-04 3.341541663332894943e-05 -2.127674502922103294e-05 -7.321028553693492355e-04 2.699078895933820885e-04 -2.700389441160625154e-04 -4.580157781641992949e-04 3.523398994784879241e-05 2.243406207159033289e-03 8.400658808501153263e-02
-6.707210006254544317e-04 -2.311120921132358815e-04 -5.991826577186657420e-04 -7.144161064366875329e-04 6.065349062722245194e-04 1.684814118034804777e-04 -2.103727705501314167e-04 -1.840413521608272361e-03 9.351273589822005534e-05 -4.116138446833769726e-04 -5.389207331487436701e-04 -1.621631377545222792e-04 4.455851734241659048e-03 2.648568130340309135e-02
-4.042577164103057963e-04 -5.770368520412841621e-04 -6.300446684544508229e-04 -8.102934341064835233e-04 6.269632668770201787e-04 3.069535911091442171e-04 -2.547391097627781597e-04 -1.057128189687376761e-03 1.276535401248486072e-04 -1.066348035444950851e-04 -2.522725442579216624e-04 -1.810281952937578250e-04 4.857524263450778879e-04 2.462510076645408469e-02
-1.043893659124072327e-03 1.778776255149131728e-04 -4.188693816147787217e-04 -7.583490279647508081e-04 7.929992292961489777e-04 2.913992043334884632e-04 1.806607777266971385e-04 -6.952972407847981271e-04 2.067691339257250684e-04 1.128756381712858857e-05 -4.144504058174359887e-04 7.458242919371726716e-05 -2.680981717031530862e-04 3.437909592481337272e-03
-8.149057760653816542e-04 -1.662714695454582138e-04 -8.476115651617162133e-04 -8.278457933492313747e-04 8.409028586963136331e-04 2.652864730691152336e-04 2.113081230774756507e-06 -9.390762137915811781e-04 -1.670272904217863768e-04 1.182812708710176473e-04 -6.116666049097593491e-05 -2.133726864427935740e-05 8.096404340513299602e-04 -1.239249429542162509e-02
-5.787210816921472189e-04 -3.529765402789923514e-04 -5.111964662871709870e-04 -4.465611324071471454e-04 6.358283679377013144e-04 4.363341225678785086e-04 -1.057774098779316310e-04 -3.890648492420735287e-04 -1.802695722580318325e-04 6.604023538473912313e-05 1.091316205464190012e-04 -2.074554165275931767e-04 8.135577982874927670e-04 -4.359798603555275869e-03
-3.828112117325482063e-04 -2.000593922436005997e-04 -4.410738040773945620e-04 -6.209404295520610769e-04 3.479577168785177323e-04 7.593297442286898991e-06 -2.385394777451710477e-04 -7.702347137790128495e-04 -1.387353133972149912e-04 -1.472703063370852739e-04 1.508867213676864829e-04 -1.730341422796332219e-04 8.596147860506074979e-04 -2.514656032162880962e-03
-3.644786365991705703e-04 -1.489498690903365622e-04 -2.828715092937835471e-04 -2.068952646177932980e-04 3.070164544466136573e-04 3.142671528457437571e-05 -3.906282268068050141e-04 -6.934285758938829852e-04 8.495168878760666980e-05 2.713904803390395823e-04 3.557916134878629909e-04 6.847128245031265258e-05 6.356353938101155484e-04 -3.719658222604203552e-03
-2.422303510709453622e-04 -1.129517459576840201e-04 -9.011774721783504232e-05 -1.602509039503578097e-04 4.238675282822992798e-04 9.611099572020560106e-05 1.372676258874018381e-05 -7.207647225762120122e-04 -2.283162224186285528e-05 -3.077780003032874853e-05 3.732577850844301316e-04 -4.652003920264604795e-05 -4.304499964168653704e-04 -9.497812461690407701e-03
-2.648912422755765085e-04 -2.250493542987219318e-04 -1.295409735043987669e-04 -1.571843560697264294e-04 3.627815218297723810e-04 3.560518899624714171e-05 -2.748199964742872935e-04 -6.754926762997850304e-04 -2.041656442362887948e-04 1.392994787970384301e-04 9.228645440808649349e-05 -1.125391042071970954e-05 9.213637392070470489e-04 -1.289687569708694755e-02
-2.151975726874233961e-04 -1.555057374832139383e-04 -7.087060771896888862e-05 -8.614309668900374604e-05 2.004304144482770792e-04 5.891347535336242930e-05 -1.279881575331080540e-04 -5.819064070153335275e-04 -2.812122009632647980e-05 -3.033486854218620273e-06 3.124752939582563292e-04 -1.337339392585377290e-04 1.173029356317316059e-03 -9.100830048662307548e-03
-1.063941703534246563e-04 -1.128941075447309673e-04 -3.425558890385461936e-05 -6.422042101883480424e-05 1.814602707520314591e-04 4.760327393463822249e-05 -1.018945077640007240e-04 -3.196509609870152690e-04 -2.905022576167810481e-05 3.300921674279555431e-05 2.162134969979443572e-04 -5.942147819600353921e-05 3.422943953529132620e-04 -6.369402853798186367e-03
-8.398884494260924305e-05 -4.967448887365018582e-05 -5.924751374926637200e-05 -2.633677248639192757e-05 9.090371577552693689e-05 1.160522153320809519e-05 -6.718182390741772006e-05 -1.172481332028868441e-04 1.259232341830518740e-05 -6.563960453324552291e-06 1.953730553720688698e-04 -9.472133342281190572e-05 3.455072941607290841e-04 -3.472707705502489119e-03
-2.099390113532868379e-05 -2.069206299135411119e-05 -7.730907747226590848e-06 -1.257614700161124639e-05 2.246743960217566246e-05 1.221212858129306806e-05 -2.307194166615793551e-05 -1.006154034694339201e-05 4.012647213969114512e-06 2.156063793756728058e-06 2.483159381870793722e-05 -2.170945826945487996e-05 2.016501371244154285e-05 -4.910745524706671772e-04
3.997158413764479823e-04 -2.593735929697865250e-04 1.259700389784246157e-04 1.943878341060367569e-04 -4.870160245689060465e-04 -1.323933189091832318e-04 -3.193312874899210659e-05 -3.023164091567548742e-04 5.914665203961403289e-05 -7.096325197264858860e-05 3.346856079126621293e-05 -9.874638983337977595e-05 -5.980751274810506678e-04 1.661206497952882628e-03
9.435874120501337768e-04 -2.110128613623291584e-05 5.459133262386741802e-04 1.040417028210962724e-03 -1.200421831283405736e-03 -3.392187428115235170e-04 2.218444181114880714e-04 -2.665444713105883840e-05 4.234563800059483181e-04 -1.139395486801634454e-04 1.007699403219864374e-04 1.917745239116421213e-04 -5.303165536636027591e-03 4.345588744526391115e-03
1.093025614831973167e-03 6.767358404055443411e-04 9.677419581481648027e-04 1.316353718308511988e-03 -1.394023983156148601e-03 -1.091108892885972871e-04 4.769267137755411347e-04 8.067473504259008816e-04 3.629861223066803378e-04 1.272557327110285155e-04 5.706984943340955523e-05 2.923500273833199814e-04 -4.310018486526978956e-03 3.317331702840005999e-03
1.223495037265697697e-03 7.019950447055354331e-05 7.186368132193777245e-04 1.142224058921114576e-03 -1.537794090905689323e-03 -5.808640869226742998e-04 2.994142871810166143e-04 5.538128000566600170e-04 3.616733161161738916e-04 -9.323182124377949896e-05 -3.093057335108701606e-04 7.750357343491608077e-05 -5.633922889184930088e-03 -4.002687657569383925e-05
1.484114432778134863e-03 5.817926554169727859e-04 9.043476444065946069e-04 7.950115133476868233e-04 -8.290735564311270270e-04 -3.635951009120740843e-04 7.150044905287977976e-04 1.335727594156526374e-03 -2.094734093803535691e-04 -1.930246123063466580e-04 -1.617190120595676469e-04 3.197363980285377986e-04 -1.711678924560867867e-03 1.120345772554084268e-02
1.030340715180949433e-03 6.350550652583580001e-04 7.126491731930137364e-04 5.458991035013242366e-04 -9.815648840513742975e-04 -3.013113192544396865e-04 4.310603463496379714e-04 2.068106672983870131e-03 -4.356584647809018168e-04 -5.973947120268358003e-05 -4.821894079088344777e-04 2.852533671991602533e-04 -3.660885544298803085e-03 1.326268227921423987e-02
4.216910836591284783e-04 4.193150864245493944e-04 2.135214529980577027e-04 3.283025017039924122e-04 -8.703395993689599843e-04 -5.179233360930980083e-04 3.311292905870781025e-04 2.519848961540482966e-03 -2.531754281533843905e-05 7.149467203355444633e-05 -2.082083890956834982e-04 4.041655303450947755e-04 -9.108042841681711745e-04 1.247595587579744883e-02
2.207922951449607001e-04 1.621789061633629244e-04 3.404351323568620045e-04 6.959510997798871166e-05 -1.243275321320318292e-04 4.735833816166149044e-05 1.770851854530347406e-04 2.259905210433536035e-03 -1.752444116962349285e-04 -3.174669618501391134e-04 -5.289361972907274077e-04 1.875338185374078657e-04 1.295497394884268622e-04 2.568725338997832411e-02
-2.973679630774188538e-04 2.457314331652655473e-04 -1.853768383397102961e-04 -4.011676950479430449e-04 3.114470802901720276e-05 7.034143824427016101e-05 6.123677132661502719e-05 1.491067453326598916e-03 1.240410672277925607e-04 1.049466811875629074e-04 -8.452728793529679313e-04 8.124399010210333626e-06 2.278813943510594065e-03 3.102756850016266318e-02
-4.271574370529829462e-04 4.855257177536936625e-04 -4.552375977496128201e-04 -6.741415246255247264e-04 5.781643163607608736e-04 2.325361693619156975e-04 2.481825393378771509e-04 5.172926697671745896e-04 -3.236509415315838513e-04 -3.577083319387211230e-04 -5.266825804814550009e-04 8.732250820070463788e-05 3.106072819575044636e-03 3.324295292547559816e-02
-7.041526781560412951e-04 -1.785733424178607075e-04 -3.206988679993420105e-04 -7.593234651880190807e-04 1.019461850084533733e-03 4.077425569120784652e-04 1.010003011200611252e-04 -6.199171155244069835e-04 6.122071375981892193e-05 1.185629999179485483e-05 -5.113297698580665475e-04 -1.108650398789932993e-04 2.016737196161125754e-03 2.541464005136510884e-02
-7.068076087534914606e-04 -1.650961085695909459e-04 -9.353036493180544699e-04 -5.920325176441400489e-04 7.469183236875542517e-04 7.323686728847899122e-05 -2.862860198096864057e-04 -1.031392682234250329e-03 2.108198675353131746e-04 -1.389418991576889314e-05 -2.202666031174718123e-04 -2.227776610942853379e-04 1.320320498005942735e-03 2.330613130883736964e-02
-7.580837913718627879e-04 -1.665702176376113283e-04 -8.178853159321234191e-04 -8.394472842386376194e-04 6.818909084247341910e-04 2.110604481904975209e-04 -1.029892984188944126e-04 -9.178586157663656516e-04 1.817725454031613212e-04 -9.086141706282834733e-05 -1.111331726316561706e-04 -1.111612430052620056e-04 8.454094298279860118e-04 4.606289442910521149e-03
-6.709789134073805734e-04 -8.499932599319507515e-05 -2.228792113802022874e-04 -4.614192445549673361e-04 5.957867709310379250e-04 2.156539157038276006e-04 9.318937310300009276e-05 -7.887363548635036590e-04 -1.350956765578948109e-04 6.377214861844075408e-05 -2.267876014013238645e-05 1.143130137988387414e-04 1.647442274459970640e-03 -7.719723287848437310e-03
-3.916004349285625435e-04 -5.748238353135933008e-05 -3.359638570159089181e-04 -1.892233013284420982e-04 4.173091605668830168e-04 2.766071033503085118e-04 -5.669674747933842906e-05 -8.158443170339849245e-04 -8.489876359930893576e-08 1.367316123865575225e-04 4.178529525756344168e-05 -1.430275229015768267e-04 5.552425935832292891e-04 -8.334545166657563245e-03
-2.422474736838363635e-04 -1.735867555853176896e-04 5.607978438948819981e-05 -2.735974324196676082e-04 3.113249897044171374e-04 1.343430198271066290e-04 -2.998629404019556577e-04 -5.725497697616068827e-04 -9.763249991831658519e-05 1.445053520830275409e-04 3.050075515779057883e-04 -1.010943756682715334e-04 6.285690598705872666e-05 -4.187294102678360865e-03
-3.465141268274808868e-04 -6.030517488528278210e-05 -3.271113356421595118e-04 -1.279717589183429081e-04 2.795544582881703257e-04 2.225990370458705566e-05 -1.727392273840484805e-04 -7.936372421699130607e-04 -1.340373487308003854e-04 1.619862056712988231e-05 2.052583519850121197e-04 1.445775395082197508e-05 7.253863397083002915e-04 -6.761881977773765567e-03
-1.561310959536065511e-04 -2.187180413413024945e-04 -8.158559483038893675e-05 4.634014097036410530e-05 2.431660763967227518e-04 -8.613807174806868922e-05 -2.487023438233423064e-04 -6.742279083361770071e-04 3.888737282502014640e-05 1.874546846227313475e-05 3.864720927463061412e-04 -2.150820862429941356e-05 6.003479869687389312e-04 -7.414626458245906181e-03
-1.404926922800905486e-04 -1.274242991390609663e-04 -1.046102658786130337e-04 -1.459909093356880777e-04 1.449120476495248670e-04 1.131162630559954629e-05 -1.447922750499306180e-04 -7.657331865479654383e-04 -2.913654655588433209e-05 1.191555112760539037e-04 2.016755220594436447e-04 1.462044269871615652e-05 2.863694495799024085e-04 -1.206898010331054587e-02
-2.383146151629335818e-04 1.068654566708465845e-07 3.641741522075114736e-05 -1.024180361846725756e-04 2.586877878186565690e-04 6.445033571732315756e-05 -1.539404410852721007e-04 -5.886870254345321490e-04 -1.829737370380933560e-04 5.081841523657927920e-06 2.272465703864625752e-04 -1.630824680794044684e-04 1.067203635664799736e-03 -9.444374680970587382e-03
-1.694571575183966830e-04 -1.704099864829120687e-04 -8.573203377951855520e-05 -1.400280003484865577e-05 1.599862423086222324e-04 3.265739566330413154e-05 -1.354140801203582254e-04 -4.966936679914064207e-04 -1.984085486408669109e-05 3.614968625566639078e-05 2.877269819032396815e-04 -1.356053154457174665e-04 6.909646739100123959e-04 -8.234118955414610613e-03
-1.049829087548392073e-04 -8.550517930899569985e-05 -1.186669634703485013e-05 -7.216288562553250900e-05 1.654049608325655195e-04 2.284410546680464539e-05 -8.539827742529508255e-05 -3.062906028180839937e-04 -1.301437880260476653e-05 1.471182015816851548e-05 2.159693395570364243e-04 -4.706369509923905199e-05 3.605356814965583398e-04 -5.800943424624733190e-03
-8.877646659697917167e-05 -4.196830228886509084e-05 -5.044913764564038698e-05 -3.137214078421304701e-05 9.471626652106630384e-05 2.076530873951059621e-05 -6.264565215803065672e-05 -1.035693945505040004e-04 4.875618594492476670e-06 -8.573133452758618730e-06 1.908719238845275120e-04 -1.005231629818003237e-04 3.071745291805559391e-04 -3.138463057681966598e-03
-2.041540188808999671e-05 -2.118697895412725851e-05 -8.849360717157586290e-06 -1.255370498682556983e-05 2.124714783448750549e-05 1.072233363014312659e-05 -2.260827803213625537e-05 -1.008590880190998054e-05 3.678228167200130589e-06 8.027791627757120023e-07 2.405044781334705127e-05 -1.970432789643966170e-05 1.859981089300253497e-05 -4.628265814330497678e-04
1.261929569635891294e-06 1.548968063329291702e-08 1.096890160434193028e-06 4.363423627579999842e-07 -8.377724847817782450e-07 2.477023948354728831e-07 1.030619436379370591e-07 2.976981032720773215e-06 5.593333293255024917e-08 4.219165191094137680e-07 3.552825152098006444e-09 2.532550323508404220e-07 -6.557881280246526604e-06 -1.894369493806561419e-05
1.119295204353829581e-06 4.178725302627441557e-07 9.501432633828357455e-07 8.518996402318758147e-07 -9.998949813450639165e-07 -7.121598293695464004e-07 3.601415228175257171e-07 2.728518305068977303e-06 -1.904598245290863684e-07 -2.713835439148446182e-08 3.509228100203944862e-07 3.758405895670601577e-07 7.798281045875697288e-07 -1.503675283229163828e-05
3.986713197803830243e-07 3.894579669286835102e-07 8.483649065365410462e-08 3.519024282420649575e-07 -1.218752836058484126e-06 -1.933823995200284356e-07 3.680516024644676625e-07 2.181177339641493662e-06 5.782848407388046839e-07 8.702871376369702423e-08 -2.430660913651727119e-07 3.285131408755129245e-07 -2.817290244105002739e-06 -6.164599976815076237e-06
9.224099325446072224e-07 5.176911354919196383e-07 9.893687530713615207e-07 4.623660661437471560e-07 -3.199339527548309452e-07 -5.229997231766815030e-07 4.143293509862607616e-07 2.200700267733144042e-06 3.180791269205908826e-07 -3.216023265207666042e-08 -7.805431426199605556e-07 3.140657656412026135e-07 1.086133910004920674e-06 1.170510889266006189e-05
5.846140560373804517e-07 3.397004245416852532e-07 2.563245747200519391e-07 2.048111499463580734e-07 -7.880327665160568062e-07 -1.282583670478783957e-07 3.090401940672381988e-07 1.205987144749505710e-06 3.545108663116943942e-07 -4.183156399191483919e-07 -1.097549414763183220e-06 4.827749180416716789e-08 9.476532641494890071e-08 5.532772805047190027e-06
1.613018824110719908e-07 5.486259722337075171e-07 2.192080775039660496e-07 -1.373957828262434218e-07 -2.824806320464985505e-07 3.150339559685858638e-07 6.338953115997290945e-07 -1.494812941601146804e-06 -5.966386248901626067e-08 -4.773847333731085574e-07 -5.489645266142052096e-07 8.424881719535484833e-08 3.534550996650106802e-06 7.519531667067861269e-06
-1.310165244824013865e-06 8.406142603363564683e-07 -9.980321521056067395e-08 -3.108245390386180065e-07 9.730801676366221273e-07 1.363293899242633047e-07 -2.465896875470810735e-07 -2.775743921338710616e-06 -9.304719950532898376e-08 -2.015981566236912303e-07 -1.510749589681969721e-06 -8.773287539681918631e-07 2.978069279764678862e-06 2.208834080835625416e-06
-1.940555961430909715e-06 2.495943797026419968e-07 -2.138428006104350526e-06 -1.573164168672682297e-06 2.634872929749159051e-06 1.630851139305442011e-06 7.275800565620572872e-07 -5.376664805472886462e-06 -4.546904942536482470e-07 2.094675604808253451e-07 -1.213457550826118296e-06 2.181119037524455788e-07 -8.195742721147196972e-06 2.394489405481885289e-05
-1.402413321190001189e-06 -2.375901957346892383e-06 -1.117927838451793078e-06 -1.990710578296413987e-06 2.305340173579371079e-06 -5.149958495605178286e-07 -6.931597641357287037e-07 -8.363093231492414273e-06 -1.117623739612784036e-07 6.125851222827459456e-07 2.205618590141537505e-06 -9.139336449189726356e-07 3.973032585686225279e-06 6.299637515277239423e-06
-4.099695426680340286e-06 -2.533440019923758220e-06 -3.505987216083612504e-06 -1.573134924073087376e-06 3.749549525878608038e-06 8.812156884415748727e-07 -3.414653259066105479e-06 -8.238583006087533831e-06 -1.192025948438712542e-06 2.041104810422478499e-07 4.445719913572612249e-06 -2.965561413420060716e-06 1.297185250913183712e-05 -4.607324911848652483e-05
-4.872229212918202562e-06 -9.777979966914115185e-07 -9.371115770523687201e-07 -2.718326299926200549e-06 4.502067415805643231e-06 1.560737375454233374e-06 -2.630134680932889521e-06 -7.562278318671984182e-06 -3.231236510424722503e-07 1.230156244304644537e-07 5.666455903851855635e-06 -9.735660932939130383e-07 1.397764794594911606e-05 -1.975569440775207393e-05
-5.543279184769517384e-06 -3.545261157361280078e-06 -4.558379656572337782e-06 -2.274089503394232957e-06 5.462949891254753272e-06 9.953571540312278150e-07 -2.998535547601130020e-06 -6.813309728847169512e-06 -7.505007344654567469e-07 2.783467730787957111e-07 5.293831875425702390e-06 -1.719121541226423854e-06 1.646200831649919441e-07 -2.866518022700768255e-05
1.787416103055183708e-05 3.560663668090931932e-06 1.026618602894747982e-05 1.738010645018225962e-05 -2.129640681800337447e-05 -6.248943242292694305e-06 2.531403443121283595e-06 1.687857030236790846e-05 3.627811525630810428e-06 -7.467782288248061658e-07 3.448307319688195696e-06 3.534054624483109803e-06 -9.800939494989160115e-05 -3.299342127044519140e-04
1.551925410380731627e-05 1.323624358826260281e-06 1.400553410931622022e-05 1.429952599133587821e-05 -1.297129825494810984e-05 -6.642138220443256206e-06 4.226696616123900720e-06 1.938069751290365125e-05 9.845400184171391223e-07 3.888721344446143326e-06 -4.378452321924226273e-06 3.787944806176882383e-06 -2.787773859824742379e-05 -1.684826685494849414e-04
1.113399708723930857e-05 7.545495521433642078e-06 6.609522829514226615e-06 7.210015748583086846e-06 -1.506112041963244155e-05 -3.386926844572475364e-06 6.071571265117837398e-06 1.391719346086187203e-05 -2.192788649125041763e-06 3.327401028092538800e-06 5.428670311966119627e-06 5.772430821717550291e-06 -2.846508149310891160e-05 -9.039632527215131551e-05
7.954366665974403107e-06 2.296153225304679210e-06 1.040482185577717991e-05 7.014863177561535516e-06 -9.167467622217831009e-06 -2.105465122271282954e-06 4.860080776902146836e-06 1.616838429684950868e-05 -4.851322492750235604e-07 -2.788968763234246411e-07 2.083369277986833695e-06 2.760646738191892151e-06 1.342352378335111747e-06 1.974329558188822023e-04
5.316701743652731562e-06 5.893385996312659979e-06 3.229309193060237530e-06 9.116616458808838829e-06 -3.082704328929003468e-06 -1.486300239791622363e-06 1.580365402484102417e-06 1.625340048334013312e-05 1.033318375459914749e-07 -3.151551330926376093e-06 -3.817122930386836782e-06 -4.174192473422839590e-06 -2.751710377582200585e-05 1.868979874183454353e-04
2.049876697403561614e-07 -7.240653678724398329e-07 -4.953014995295515528e-06 1.150432340155336343e-06 -3.780473916067102255e-06 -3.799454691577652616e-06 -1.958344842208016667e-06 8.325284344217224672e-06 -4.912043836899182995e-06 -1.811835750693287618e-06 -4.121144878800620388e-06 1.647229966567587192e-06 1.747362914321177118e-05 2.062727362030044762e-04
-3.285823594813726115e-06 3.467720858181242943e-06 -2.524649999692397489e-06 -3.334952785100037535e-06 1.665364297938026892e-06 -6.101258383881562509e-07 -3.030184971147038169e-06 3.735803177587744163e-06 7.970549031047998444e-07 5.023141216593146928e-07 -4.792753748540109311e-06 -8.519721011597733596e-07 1.901595733861772224e-05 2.519993183522556738e-04
-1.722268138720638318e-06 -1.904539607611802088e-06 -3.437926032546928466e-06 -2.101627063449004482e-06 3.812284276729070945e-06 3.038804949725137792e-06 -2.231078208361109047e-06 -1.989743320109885374e-06 1.286978755171941796e-06 -1.756247745627136516e-06 -3.558425668254294574e-06 2.977058651285803085e-07 1.485057754715396998e-05 3.052807695638111722e-04
-7.667502509024862493e-06 4.060807491314115612e-07 -6.492052123461057113e-06 -3.705637363347892787e-06 5.586108935233773985e-06 1.768994785836529481e-06 -9.088407433599496943e-07 -6.562509357076504243e-06 8.671188962051082511e-07 5.415214513215306532e-07 -8.315487629821915203e-07 -9.904224175612683601e-07 1.495286491825725452e-05 2.133089267760574523e-04
-6.750756911817933016e-06 -4.807380214747520480e-06 -2.725021021645413354e-06 -5.521307651451191464e-06 1.035761770766734561e-06 1.365395788839296841e-06 -9.405797227770744511e-07 -7.641068559623293824e-06 1.168817482754376256e-06 -7.783215651218142532e-07 -2.016318516540192359e-07 3.397362211550754801e-07 -4.280692108844667299e-06 2.016146658052047768e-04
-5.111998710766641171e-06 2.340415089015494842e-07 -1.178112303011487933e-06 -4.819315141979842143e-06 1.831135597004224352e-06 1.434796265283870930e-06 5.233238359953317852e-07 -7.251322150364297457e-06 3.679524396953171861e-07 3.369277520115206919e-07 9.771801357188988646e-07 -1.567468786968689837e-06 9.498191218037138243e-06 1.299527881543793178e-04
-3.662760000438109644e-06 -3.036094056978592907e-06 -1.695063378506078268e-06 -3.963422757769677133e-06 5.995675539054658542e-06 3.642326935486974624e-07 -1.591959527242712421e-06 -9.684338586784315843e-06 1.369873170360743585e-07 1.526281761388713705e-06 -3.356737204170854005e-06 -9.609118400443313195e-07 1.488946006516392946e-05 1.060035147382556894e-04
-2.870325396223336412e-06 -8.738248636774275008e-07 -1.614858279958553887e-06 -2.227442620615647760e-06 2.779226695937313915e-06 2.987735397675231554e-06 5.442319664625087171e-07 -7.493484235177328048e-06 -1.048515345136819402e-06 -3.062426704843537337e-07 4.835605418989228480e-07 3.676299251805482057e-07 7.713746557948152323e-06 5.832826024065263041e-05
-1.541145450170912050e-06 -3.085103004178715193e-08 -5.076953512618228573e-07 -3.228484729163958120e-06 2.453152003027945450e-06 1.283082052212288219e-06 -1.957512320702977745e-06 -6.733708112462168490e-06 1.573234341619228926e-06 4.437475738661787741e-07 1.735526450356624975e-06 -1.547386032362075821e-06 9.367390405809673831e-06 1.595064653900329216e-05
-3.243668237064420923e-06 -6.303867236597403238e-08 -1.134389911090233179e-06 -2.002944573554130786e-06 2.764974796165444006e-06 8.841911588751128805e-07 3.925199365905299333e-07 -4.531961930817361116e-06 1.008405955137785850e-06 5.931341221874313729e-08 -6.045061060250497429e-07 -7.560099893779143021e-07 -3.188243091915670101e-06 -7.411498726207938896e-06
-1.512351111327630140e-06 -1.470923628893201455e-06 -1.961010262177111313e-06 -1.390442962361913514e-06 1.488313542803145207e-06 1.197162816429024893e-06 6.701965490091371902e-07 -3.708597245919235320e-06 3.083919035944675269e-08 1.015101258952093343e-06 -2.320700494408149430e-08 1.659099128367637644e-07 6.360071656976494296e-06 7.352937173631512613e-06
-1.770526772035880265e-06 -1.823890254391202620e-06 2.157825909573984442e-07 -5.575879921960636962e-07 2.206472309187253358e-06 -1.599385887867233028e-07 -3.223060708205647725e-07 -3.940039966341103448e-06 -5.072136256973458881e-07 -4.662360756196832964e-07 1.475127426577184378e-06 -7.785381206099266587e-07 4.754317054526359593e-06 -1.535761609832515719e-05
-8.375406834661544282e-07 2.550941516247721500e-07 9.998387801089703716e-07 -9.507366666557736271e-07 1.428972185989602147e-06 4.522100835982289113e-07 3.153916602783576782e-08 -2.825641588426155172e-06 -1.680334144370146208e-06 5.302843476463087973e-07 1.333961880021812004e-06 -1.260441525997286430e-06 2.303940918377964806e-06 -1.808698929307036199e-05
-2.311994165961863046e-06 -5.479414182783253687e-07 -7.559666355601145472e-07 -7.635277778044250108e-07 1.055615788874598569e-06 -2.399849028220437314e-07 -1.384128570915885391e-06 -3.935500576714444578e-06 -2.099217244485807311e-07 -3.684871653037701544e-08 1.563158747617069309e-06 -6.175237588888815764e-07 -4.837372559993503297e-06 -2.686310259951178592e-05
-5.717338991062056566e-07 -8.695976231381929602e-07 -9.010414242119310888e-07 -1.022238968849026058e-06 1.630210141874615853e-06 2.358533819799709766e-07 -6.234718073117822936e-07 -2.537370262480078329e-06 -3.500735341329354077e-09 8.349865035789307221e-08 9.020105671931509418e-07 -5.828494412491773384e-07 -3.408744043607501100e-07 -4.659020505147098729e-05
-9.638261194534177681e-07 4.703881396559001127e-07 9.065565475020778073e-08 -8.941318642674954518e-07 1.679785586606925799e-06 4.346540560970739332e-07 -5.501951444625393913e-07 -2.002235318558901215e-06 2.558569375473278908e-08 1.631758889581198051e-07 1.157321071244049896e-06 -3.116079980848543969e-07 4.987124230585697115e-06 -4.017640990099705214e-05
-5.445217813972414687e-07 -3.232481947744855277e-07 -7.951105983266456857e-07 -8.033386685933332168e-07 1.379420665478325200e-06 6.141033104675388036e-07 -3.822255420959709278e-07 -1.574775390414718584e-06 -3.079997855635507326e-07 -4.972025656863123687e-08 1.166333508082676089e-06 -2.179258532653067183e-07 6.793595656955281188e-06 -2.777677739800443266e-05
-1.075198176473777973e-06 -7.449952382333704394e-07 -9.252440891456022126e-07 -6.019171191036785904e-07 1.044597112558010300e-06 1.875435692595068340e-07 -4.931150146404483115e-07 -9.232589597000517726e-07 -6.888165320207006543e-10 -1.989218008455564648e-07 6.378929778426869296e-07 -4.514950525357210594e-07 1.275347330420182179e-06 -3.382987808464128440e-05
-6.723937335418881181e-04 2.925308562039337541e-04 -1.692856007821361738e-04 -1.761997412560315293e-04 4.923205774326165629e-04 -4.085638400182183260e-05 -5.598103091048122436e-05 -1.692064359789187660e-03 -1.088850142323739449e-04 -1.342100565125238585e-04 8.048940122700872987e-04 -2.237670820368470564e-04 -8.459590397704392164e-05 3.336378660754453496e-02
-7.261813786184907315e-04 -5.444518520635720650e-05 -3.406537077295499383e-04 -2.448059219430054030e-04 1.690599180604411133e-04 -1.621241606438544012e-04 -3.461510393438754882e-04 -1.166872912952849175e-03 -1.336770335768729454e-05 -1.471120808325200905e-04 1.320124996630456690e-06 4.976553745626641913e-06 1.406103277711186206e-03 1.438062355064217111e-02
-8.607063633215888878e-05 4.402224271530849039e-05 -2.693293662574806251e-04 -3.336660589509359161e-04 6.220531209071396761e-04 -4.172763107566039966e-04 -4.058601539245669201e-05 -8.764748191101525603e-04 9.533752944957516362e-05 2.179014892848893782e-04 -9.340271137108929766e-05 1.830988172060921853e-04 -1.110109954398740993e-03 1.887401461611038595e-03
-6.613545461909677362e-04 2.912582783449894951e-04 2.600379419151385685e-04 -3.168831645447852492e-04 6.263784614994851374e-04 1.486667183814132645e-04 2.468297478782454485e-04 -1.027311817639487736e-03 -3.077963288679186072e-05 2.401588141278404739e-04 4.385763242529103667e-04 -2.969063175580173098e-04 4.149364575137392576e-03 1.709928599382504232e-03
-5.175079432960402953e-04 -9.870180946008121439e-05 -8.214955430522743942e-05 8.206562712132356105e-05 -4.768945613892556438e-05 3.707085421591935995e-04 1.170607747140264176e-04 -7.471832504153485101e-04 5.910806688921155369e-05 -2.402645452382270064e-04 6.238079163168588556e-05 1.881304008782472943e-04 -4.554561873637512207e-04 -5.780830791203599855e-03
-1.393355254255161993e-04 -9.192795943377789756e-05 8.269955253246552963e-05 -3.279096714633789652e-04 4.548560831246814106e-04 -4.365030037859392997e-05 -4.832654096029120828e-05 -3.986156238936054024e-04 -7.980427085441624431e-05 -2.410999881463449514e-05 -1.222739151195860658e-04 -1.362497328800234221e-04 5.335308803452573547e-04 -4.916099859728459594e-03
2.354581706535205517e-04 -6.118010780384215697e-04 -1.421828011531137950e-04 -2.985071149712957149e-04 2.805752387112902938e-04 3.513780380248981267e-04 -2.798426302682414956e-04 -3.464129931626140418e-04 4.607017126210088666e-05 2.263281910722948190e-04 2.457713587773667995e-04 7.318866014119838317e-06 -3.362657914689733477e-04 -1.101381658152893357e-02
-8.676450391858307461e-05 -4.006893125457501570e-04 -3.784602360914679953e-04 -1.307601960943151039e-04 -6.535500765977317946e-05 7.879150362779021097e-07 -1.897457669862421842e-04 -5.622663018433695942e-04 2.036754106692127106e-05 -1.431417916928869245e-04 -1.966760907405141004e-04 -5.733068011261682008e-05 -6.476745310816256094e-05 -1.866794524947392592e-02
-5.587613669930426741e-06 -1.092654411052428049e-04 4.602912588157354870e-04 6.925684203152975005e-06 -1.545315683948280457e-04 -2.048138902334723400e-04 -1.024799135578212487e-04 1.801857524169039524e-04 1.880767471280773615e-04 -1.792166535460747883e-04 -1.350762786513510496e-04 8.229050118794051434e-05 -1.043334038895310512e-03 -1.904599726111970426e-02
2.197796388844619334e-04 1.266827021877732365e-04 2.050158629624595087e-04 6.193917302180863621e-05 -9.499338289891807453e-07 2.429907479739723943e-04 8.085653851933275057e-05 5.003921221384799965e-04 -1.002396833358140541e-04 -2.935322405643977489e-05 -6.680993434546216914e-05 1.689665188858046794e-04 5.488004715170186439e-05 -1.598576754289647225e-02
2.907597219992423738e-04 5.557434339277354677e-05 -1.479130605372434631e-04 1.182813367389893959e-04 -8.958340823786096866e-05 1.815741626529280119e-04 9.464625706455723051e-06 9.249176054570178087e-05 -9.799818754259161059e-05 2.181859006789016854e-04 -2.105794517217247409e-04 -6.687059727409493017e-05 -1.044405125198838479e-03 -1.863388584830094272e-02
1.146547494441941802e-05 1.578119872181577374e-05 -1.564273812348591637e-04 -8.499958557099425839e-05 3.424679120505202712e-05 6.723275602837171152e-05 -1.566607853849887684e-04 2.615346499436695289e-04 1.347470640660309118e-04 4.002573584119429603e-05 2.777600653587084596e-04 -1.574470988700123956e-04 2.196136160155205512e-03 -1.784430823283525078e-02
5.124772596397739882e-04 1.163657830055118026e-04 1.918116636573403294e-04 -3.168827258029881786e-04 3.108545500240937777e-05 1.708123766867597232e-04 1.272941066883312021e-04 3.199859387870830174e-04 -1.090667741936175283e-04 -6.249113955129056237e-05 -1.438452784627974738e-04 8.817885067656846133e-05 -3.397150086028355486e-04 -1.182212884682931099e-02
-3.841007526020661560e-05 -5.532790205084287764e-04 -2.030121349161820136e-04 -2.770058356010441463e-06 -1.489529264225540606e-04 1.108185275897846807e-04 -3.317012975166631081e-04 4.914829011917853756e-04 -2.301096012116200952e-05 2.584909609558005560e-04 -2.307434130183055876e-04 1.024936863449114834e-04 -6.837489291584400485e-04 -1.926475599091279772e-02
-2.300351383050875320e-04 -3.197237442374722700e-04 -6.418895648070249140e-05 3.067691980970183659e-04 -2.531121093100625733e-04 8.934953072941949283e-05 -8.879154857477654416e-05 2.738154426575491315e-04 -3.966288786136126896e-05 -1.427635167118557994e-04 -2.905665909384801387e-04 -2.082684636144524709e-04 -4.131012644912335083e-05 -1.820887691873177699e-02
2.219359167020959955e-04 -5.659790998904522296e-04 -8.375059166966102205e-05 2.225623502112509373e-04 -5.017235784672471871e-05 3.906971128452561564e-06 -5.137311724841433738e-05 4.137480526194080950e-04 -1.425289067141008025e-04 -2.629795417147457003e-06 -1.989866418262792801e-04 4.181665542061621844e-05 4.012265235393150061e-04 -1.742536962266722639e-02
7.870082270998001849e-05 -3.067518606325568293e-04 -1.572350460358856424e-04 -7.458779863656857581e-05 -1.981289996752183080e-04 2.159978335742411527e-04 -1.628440370766322254e-04 4.000149639503798268e-04 -1.387170574717084973e-04 1.996173497551416746e-04 1.259267124748316281e-04 1.229590287659024065e-04 -2.849441816296484158e-04 -9.023229802901256563e-03
2.810285566275399116e-04 -1.352606576480107044e-04 -2.251242229871547773e-04 7.474892346879140933e-05 -9.037004146382436186e-05 8.193426116874428340e-05 -1.068346122721238844e-04 5.679810349903166968e-04 7.231756263018607157e-05 -1.064606797142095799e-05 -2.033790388444969063e-04 -2.779692816806652103e-04 1.486481778074089750e-03 -1.357725047960509079e-02
2.241882116172233671e-04 -3.382811636224719175e-05 -1.031243907626036549e-04 -7.126167203481575702e-05 -1.021403196562436892e-04 9.568106307698672961e-05 -2.059463501071026750e-05 3.926628616064674359e-04 -7.228879165498585172e-05 1.147635093805624007e-05 -1.174195790687437022e-04 -1.416804836897780483e-04 -8.296160377784052211e-04 -1.012997595617577858e-02
2.119064110933847162e-04 -3.831161472532844045e-05 -3.587253068130245496e-05 9.780960481285284739e-05 1.502704630597616060e-04 -1.636650628884070056e-04 -1.413549690097272785e-04 6.868909256226342092e-04 1.719214956079072895e-04 2.096184871039861726e-04 -3.412682687105682544e-05 2.369107913954774779e-04 1.089272667041157622e-03 -7.163794670737639279e-03
2.109790167145657604e-05 -2.680662031290590016e-04 -2.897518216046199887e-04 -2.469249170535422854e-05 2.031136784525184680e-05 -1.452702981048440561e-04 -1.403376618638459106e-04 3.961081637832431488e-04 -1.094934842644106526e-04 4.191504733834712401e-05 -1.191656880050208288e-05 -2.683321000123453344e-04 1.459121617923061750e-03 -8.613478561826712690e-03
1.895033613252386008e-05 1.052846055068729303e-05 1.811900321878709785e-05 1.121882329921278600e-04 1.370463914727085948e-04 -3.036695291209974939e-05 8.840222987342973775e-05 6.425304966735141546e-04 8.561232213102159779e-05 -6.556304228874377778e-05 1.151665199007644768e-04 -7.935566264297445600e-05 -3.050412433696888582e-04 -1.015342271247510891e-02
2.938962572356156340e-05 -3.078358335053305202e-04 1.074176542334810615e-04 7.250157183478324948e-05 -7.879958782226886295e-05 4.690707082467628661e-05 -6.551756764435189570e-05 5.921356130669669111e-04 7.330010688768627612e-05 -2.789163633499696773e-05 -1.607923012893956282e-04 6.925221991496553113e-05 9.278638825819055793e-04 -6.842287917794324763e-03
1.955809725963461739e-04 6.462870132257726778e-06 1.206112595105020101e-04 2.334516272047319155e-05 9.768069013886780661e-05 2.610032694583393166e-04 7.695780176839196870e-05 7.036352969469312178e-04 2.771506216985101514e-04 1.771426127772306018e-04 1.429185291142961761e-04 -1.049876564555383415e-04 8.204395526127635830e-05 -7.945114712179254454e-03
-1.358564061683661202e-04 -7.981969865689671586e-05 1.832508629439191848e-04 -3.344095452703024101e-04 -3.982861915519597574e-06 5.316081970465064545e-05 -8.913800474738710735e-05 5.482694689795631834e-04 6.158934567860087914e-05 1.731065437847260891e-04 7.987530727563081948e-05 7.243056520534150988e-05 5.042230448334395192e-04 -3.229071001636130925e-03
-4.874272255769297674e-07 -1.639080018575125044e-06 -4.226636053465708909e-07 -8.148987404569675054e-07 1.000401123150127413e-06 6.068909239017267811e-07 -8.696803499695430132e-07 -1.266645922652981306e-06 -1.185787532580154968e-07 5.163959562414009619e-08 1.003778794560132696e-06 -4.280524982388776182e-07 2.026243224172706484e-06 -2.369836567745066206e-06
3.231866673229745666e-07 -1.669835182039173601e-06 1.414848327821162297e-06 -1.851445255379905201e-06 2.530079537188115770e-06 1.982629465764991378e-06 1.972795186439175721e-07 -6.107395119526959675e-07 -2.277423462990207965e-06 -3.601168577513007462e-08 4.710746847917109422e-07 -1.557526339951107309e-06 3.666974315666653789e-06 3.736694334801678202e-05
-2.027441253630296586e-06 -2.139571123952780125e-06 -2.588860988047972392e-06 -2.576864002043514960e-06 3.209954228592757208e-06 1.905726109596359872e-06 -1.069247451050067205e-06 -1.811135038052467712e-06 1.006707118288549206e-06 -1.626777920569723980e-07 -4.274862533473666484e-08 -5.048173034587734795e-07 -1.120517704468962547e-05 -3.759441547787990092e-06
-3.301702359079839909e-06 7.353336991134970998e-08 -2.289932449341660224e-06 -3.395727191844401648e-06 4.686495709105917595e-06 3.897153224684288565e-06 -5.019573385870217395e-07 -1.678897225451499290e-07 -9.077469908003894887e-07 4.860958556504573433e-07 1.004987132331575521e-06 -1.183488341263489565e-07 9.528299071190775134e-06 1.156721627445132831e-05
-3.034572961438770890e-06 -3.920146682751915060e-06 -3.811827416490082256e-06 -3.441848003671957571e-06 5.366121489601644630e-06 1.180877484001453352e-06 -1.965874128709049857e-06 -3.496553065413975925e-06 -2.157446412839627438e-06 1.280423690628633355e-06 4.922658986673302450e-07 -6.694182617360542270e-07 8.439609712092585069e-06 -7.433382468205427711e-06
-3.488560230195007617e-06 -2.316737212522207753e-06 -2.695754447072522240e-06 -2.355404221576313058e-06 7.229672063994642399e-06 2.091345169364907347e-06 -2.463330273377577437e-06 -3.229661263715777098e-06 -8.083485433761463324e-07 2.067752315673893222e-07 4.852900902941149148e-06 -2.634425590502194403e-06 2.448684435405795196e-06 6.588348358381750005e-05
-5.121796653993807941e-06 -3.368702644971173982e-06 -5.905178231872139993e-06 -5.670481493776798518e-06 6.284778159657072705e-06 2.735814225631005199e-06 -1.178066233771692762e-06 -5.260391025122130731e-06 -5.920305265843867613e-07 1.541417626910823805e-06 1.458697574825961090e-06 -4.395305474154068657e-07 4.563473081499217171e-06 4.945128577476111394e-06
-6.485978579164340209e-06 -1.179155453693581654e-06 -8.672483705796936083e-06 -6.414866167469368876e-06 6.853168171698688399e-06 1.396635370170074982e-06 -1.151014233611816911e-06 -5.122003809319612629e-06 -4.895283885264037450e-08 -6.866119097649217008e-07 -4.702195838994844110e-08 9.146715329104042161e-07 5.879972214241941231e-06 4.237220854579638863e-05
-7.124850488951592528e-06 -3.137623560190544459e-06 -7.759106191335696177e-06 -7.213763383578200062e-06 6.498866600796585903e-06 2.042919717086628823e-06 -1.325790017895209400e-06 -4.670267109824977061e-06 -5.325628041538996986e-07 1.095104151500047835e-06 6.082371836492560986e-07 -3.254977224069657061e-07 -4.605872325123894350e-07 -5.109984495017333227e-05
-5.979106227710029492e-06 -2.364490299638184737e-06 -8.974972871291401352e-06 -9.316225994744772258e-06 5.375186435897382952e-06 2.680360427690843792e-06 5.724157379910101592e-07 -5.714520726033926310e-06 -1.492732133520542306e-06 2.093278316572707398e-06 -1.207585855393105372e-06 -1.794433297033185802e-06 5.643672655212152399e-06 4.223488130550265870e-05
-8.911654673792631363e-06 -3.372385366276894815e-06 -5.095294827441237383e-06 -6.362872937783106602e-06 9.061489845817620456e-06 4.409118104434832287e-06 -2.037555062291251455e-06 -5.816852167514076972e-06 1.231587676101179534e-06 9.902129687117500236e-07 3.141904425014238837e-06 -4.006179004234081086e-07 3.568265767673804262e-05 9.501050132579356815e-05
-7.144971811978242281e-06 -4.448561263081968061e-06 -9.459696291585724582e-06 -6.967301472888565962e-06 8.611277314585416350e-06 2.248561354409377959e-06 -3.236809674461747113e-06 -5.671070317971623457e-06 4.676938754398579648e-07 -1.332787823020790162e-06 2.520148185353906464e-06 -3.355481408864429521e-06 2.292043565732488969e-05 8.016079118283807343e-07
-9.020533677275602869e-06 -8.569994860280560705e-06 -5.275246331323961671e-06 -7.033554199117253360e-06 7.955251316849610354e-06 2.444860281652140199e-07 -3.323869607998230474e-06 -1.029252547165015273e-05 1.924648417507503120e-06 -2.323813309098883461e-06 5.542597891002668537e-07 -3.143831078113139621e-06 -4.855591948592644128e-06 6.959378465482868347e-05
-6.962064667581714761e-06 -6.367561411117831303e-06 -8.323278005522638114e-06 -8.575242346804213476e-06 8.142704430569976264e-06 2.186102669207677617e-06 -4.714345254623406039e-06 -1.348080196473337858e-05 -2.188062592948183609e-07 -1.407030048410025233e-07 2.290507853961815581e-06 3.440236317226392988e-07 1.244564182277256117e-06 2.058816333222587478e-04
-9.461811966701831362e-06 -6.541115119961223404e-06 -1.147686615718022672e-05 -7.508570404171474400e-06 2.110638490303167313e-06 2.067149543565498162e-06 -7.529345971672176610e-06 -1.492099584135724504e-05 6.742070838294345474e-08 1.970556648337437281e-06 1.693882889545142010e-06 -3.018072451210256523e-06 -3.032424674020696727e-05 3.371793892265975180e-04
-1.967843024993684667e-06 -8.838208097714608214e-06 5.958454091436501712e-07 -2.747840952502627742e-06 7.578254412504714055e-06 5.369485698117693963e-06 -1.625457885447569617e-06 -8.776269801264805558e-06 3.939463511078158718e-06 -1.152506278988727464e-06 -2.323728548731816234e-06 2.122625069980373723e-06 1.565272249296606726e-05 6.052183794519027651e-04
-4.316610340738545941e-06 5.729688770685613973e-06 3.624307692191291511e-07 -3.081789539180432561e-06 5.259733587938225134e-06 7.523858121187424563e-07 -3.999489831685214559e-06 -8.154858135245986750e-06 8.502770991833483277e-08 -2.355048869925051916e-06 1.356930714717863081e-06 -4.800926704667317489e-06 3.932487638194912579e-05 6.100787589645350001e-04
-2.240747070103487795e-07 -5.040795853522600877e-06 3.481919460244222402e-06 -3.087370942407198510e-06 -2.363978479611986504e-06 7.865417942400691453e-07 2.767645709969638196e-07 -1.253313386295748533e-06 -2.182377369935006659e-06 -8.060537514946855014e-07 3.485758956296876073e-06 -4.623073890356067439e-07 1.161841672374198329e-05 5.477461567307231232e-04
-4.401152487309487166e-08 -1.007556273576159418e-06 9.594190093312278110e-06 -7.017263203198509328e-07 -2.011156308521816148e-06 -5.130567652159329043e-06 -2.903014490702163455e-06 3.898095179876864369e-07 2.282268067737739906e-06 2.477245399050901826e-06 7.077973289760882731e-06 3.211142811321330868e-06 2.454533820329076444e-05 3.877284624295103724e-04
1.015844934121223528e-05 8.664234010757866116e-06 7.378635494770889101e-06 3.963729704751250484e-06 -6.717618884337187045e-06 2.378107628890842209e-06 9.684922486086884249e-07 1.661871743848940691e-06 -2.191829854094070215e-06 2.481328113724152589e-07 2.526987730277036388e-06 -3.456513175379944995e-06 -1.153421901133535312e-05 2.387642161602299671e-04
7.900090770347249783e-06 4.345913749643693348e-06 4.230594224385804029e-06 5.646764040717368170e-06 -1.273793722791587522e-06 -3.125570364039908644e-06 2.612333817212727794e-06 4.694711740860329612e-06 -2.098688433382361884e-06 -1.539043683311319510e-06 2.836219991230399145e-06 5.911604011606096663e-06 -6.021769352854749723e-06 -1.255182116337958558e-04
7.388979834796811742e-06 8.442578517385626320e-06 4.418183688320666787e-06 1.270213975876403507e-05 -8.824876651106242597e-06 -4.348784831142045211e-06 7.366908126938225123e-06 3.247286036478374963e-06 1.374111175174917480e-06 -7.455822502003249787e-07 4.026681060178377234e-07 8.815161805654486840e-07 -3.761243829342288201e-05 -2.730602465544795148e-04
2.554863982946333043e-06 1.648700305810939531e-06 4.365766471360416556e-06 1.478339296941534345e-05 -1.168309884319047160e-05 -2.788057680441233274e-06 -2.463246827689525174e-06 4.967929950130844482e-06 1.563545252674656637e-06 -4.842038388663048598e-07 3.044321681188569435e-06 -3.820701946544939254e-06 -1.554054594189777552e-05 -6.138799266330884118e-04
5.123245249036847261e-06 1.053126973091652307e-05 6.581908470887084956e-06 8.552337859011576034e-06 -1.085360883827944530e-05 -2.075449205273479140e-06 2.631831412711279363e-06 5.188465330349535536e-06 1.800635048440688841e-06 -1.952745948685943564e-06 1.806337472864989995e-06 -2.144336083561627394e-06 -1.956702997380045398e-05 -7.522017996669968761e-04
4.966913431656641067e-06 6.274410305737844492e-06 9.952517010930736404e-06 1.249821928344195956e-05 -5.351292027459898124e-06 -7.499103516662652045e-06 5.716478063222071678e-06 1.398965980068904769e-06 -2.524222739056336496e-06 1.406233481985113070e-06 9.877698601959107054e-07 3.776941217487443015e-06 2.406273693316337154e-05 -9.123232893852975577e-04
6.576514316725389167e-06 7.950873638971566967e-06 1.056334333318614958e-05 8.198714275037023984e-06 -7.739052931921588558e-06 -6.402846057035967157e-06 4.241144243783686335e-06 2.569132560551487957e-06 -6.006140246218457063e-07 1.102578094917183142e-06 -9.794342752118757882e-07 -9.234991204865155169e-07 -1.174108648632760737e-05 -9.272469595420973140e-04
-1.560873985451302096e-07 -5.347893732744490660e-08 1.776554790328618364e-07 -2.083209113543742308e-07 -3.418617886053312416e-07 2.870684296659075059e-07 -9.586592395180619488e-07 -4.136296167639957287e-07 -5.249206414256847329e-07 -5.094063474831129610e-07 8.267472636477565739e-07 -1.293851323977930180e-06 2.147270616381545456e-06 -6.759150222054650557e-05
-1.628071651591034158e-05 -2.937349871856447024e-05 1.439832024361775354e-05 1.692086342688201811e-05 -3.603716389458322284e-06 2.533714238940215216e-06 1.461628082695123393e-05 -2.337008454658534776e-05 7.648140115276569201e-07 -1.245779570621980744e-05 1.033935579284603027e-05 -1.261190972202968831e-05 -6.033486707478748695e-05 -1.601334520005378214e-03
-1.597328399205597064e-05 -7.831757065731668462e-06 2.966583076774945911e-05 2.579022509650317270e-05 6.618341673681132747e-06 -2.601533729791685542e-05 -4.534278545981977848e-05 2.377278704604651849e-05 6.724600931809778796e-06 7.088522093806558720e-06 7.942893434086102753e-05 9.749220821625070304e-06 1.566215603034099685e-04 -1.929378037255329286e-03
5.811464974299625588e-06 2.119463597891219029e-05 2.081003225199545262e-05 1.615998660089279894e-05 -3.399221213491857480e-05 9.394129337336495263e-06 -3.097585387961726875e-05 -5.412066340764811487e-05 5.912236273953777402e-06 -1.185884365843964233e-06 1.922896282242786436e-05 -1.009018400279138009e-05 -1.487955815066939133e-04 -4.626308712583938020e-03
-5.128496805561262600e-05 -4.627245735509813635e-05 -3.609381401299062740e-05 3.524334194113462208e-05 1.147178628017108478e-05 1.646291446696014925e-05 -8.356295856081161493e-05 -7.384371270080373247e-05 3.684514718939253434e-05 -1.099315437816200727e-05 -6.036258858582290856e-06 -4.035179151454042055e-05 -8.000135712720224976e-05 -5.384189236190680891e-03
-6.213199031446925555e-05 1.635967733095106889e-05 7.066875313703539730e-05 -1.239098894192442470e-05 1.184855375143464157e-04 4.545123745058797597e-05 1.787936948913206264e-05 -1.168270721895451383e-04 -1.299988323910807703e-04 -5.422949431762649628e-05 1.308820359584790852e-04 1.403689797018205011e-06 -3.119323789910783285e-04 -5.694116895883557378e-03
-1.159576478982432356e-04 -1.096888450395444537e-04 -1.180247314019481551e-04 -3.160641676137735024e-05 1.268804143884801863e-04 -2.335834956385304852e-05 -1.679204204162080909e-04 -2.319031001950819595e-04 6.695683629160078978e-05 6.661542316876585524e-05 9.059257347336710368e-05 -4.254745089756225255e-05 5.280569249603880681e-04 -8.500522400692472197e-03
-1.630930230522092354e-04 -1.737783172790447546e-04 -2.513049722719132737e-05 6.591037579926361275e-05 1.027612849308767994e-04 4.009491768025035858e-05 -6.054892533050178736e-05 -4.214733045036486497e-04 -5.679187406743383423e-05 1.160896403272955197e-04 1.203486267374304070e-04 -1.395541202022704589e-04 7.148701557180953646e-04 -6.971508213581654491e-03
-2.065278617150737234e-04 1.304627667200352620e-05 -1.204099431755512425e-04 -1.756303792976647799e-04 1.233847637497772717e-04 1.419232742469254685e-05 -1.035409036328696500e-04 -5.962761316449637777e-04 -3.046611407959575843e-05 1.165210390371486539e-05 1.445069284233684872e-04 -1.310317032072474638e-04 2.692266037883724495e-04 -6.133248340508012410e-03
-1.524663393934933171e-04 -7.056665863748080598e-05 -2.154440466807396970e-04 -2.305498102864844527e-04 3.099419285915932598e-04 7.854088806958717793e-05 -7.761515116982155543e-05 -6.374390601150920019e-04 -8.527774492348317860e-06 -3.230105560236724160e-05 -1.284662291552973035e-05 -1.267481786881027395e-04 1.360976957879205332e-04 -2.147704575398186842e-03
-3.413895224365000878e-04 -8.980838965909098196e-05 -1.513046766201558730e-04 -3.442448393477097229e-04 3.372636167798798547e-04 1.231572205647639222e-04 5.524454603641438876e-05 -7.413543402359908064e-04 2.852266913204057705e-05 5.174060095949231626e-06 2.634942060301335005e-05 -4.243648208765356142e-05 4.383143555008291105e-04 4.018791611165151330e-03
-5.055232430429578479e-04 3.162111543987890271e-05 -2.320290584246332383e-04 -3.964537743155026198e-04 2.866413975628081634e-04 -3.339689200497753506e-05 -5.266881634579359950e-06 -3.157167955317645523e-04 -9.467998705240705256e-06 3.491277983552484399e-05 8.892019895820455185e-06 -7.115617026608197604e-05 2.667672224836397602e-03 9.622147999272133087e-03
-4.069179270904098875e-04 -9.312688691228950336e-05 -1.391629350428743390e-04 -4.208886723014789864e-04 3.000062474071641056e-04 1.035606192579004831e-04 -1.975895614970422161e-04 1.421226897578911359e-04 5.535648799983728649e-05 -1.769458705798916177e-04 -9.791048405791515953e-05 -1.498981019886767613e-04 1.509873658692318689e-03 8.264000103493016752e-03
-9.076185696543437255e-05 1.422660134230701332e-05 -1.956680437060018957e-04 -5.521756435885851128e-05 -3.764294340523540469e-05 -5.921831592796862202e-05 -1.732826899856062196e-04 3.965235314897330547e-04 -8.451307135847322660e-06 8.696385441384570547e-05 5.762759219775396506e-05 -6.314288771079984680e-05 1.389627626713727947e-04 4.356093091983597940e-03
2.997464472433838067e-04 1.244250938294648706e-04 2.680717784963577532e-04 2.920649148532852239e-04 -3.610273660561040868e-04 -1.018193720824386434e-05 7.013929497682302452e-05 2.693283475898163525e-04 -1.848801112281472559e-05 -1.715229046121103328e-04 -2.788196000258330712e-05 -1.464679834451559914e-04 -2.128101873045628711e-03 1.348643271484110430e-03
7.112603549104846989e-04 -8.242342096134022884e-05 2.898387541507351861e-04 5.570122149026733062e-04 -4.636053624280978046e-04 -6.585742102186776300e-05 -1.053529870999236402e-04 3.102856743054464286e-04 5.125754266437077667e-05 2.022509991697574129e-04 3.005709877724284710e-04 1.580330306236666575e-04 -4.433548232073452298e-03 4.907496041445383924e-04
2.151562137664250914e-04 -2.598884747038395467e-05 4.345712391088886917e-04 5.510768763284890027e-04 -4.930528224157927023e-04 -3.181550657025812123e-04 2.316734937981525168e-04 4.451275402661676551e-04 1.169012697589514753e-04 -2.296783141937854355e-05 1.775628694734555869e-04 2.083918532972078939e-04 -2.141341391388562349e-03 2.130917368150503106e-03
2.976449621726084721e-04 -2.699848877189541205e-05 1.302199200668535098e-04 8.413402874739139413e-05 -3.245318958353875065e-04 4.646102955721883595e-05 7.362151018287614850e-05 1.485536485981581991e-04 -1.791833243762157974e-04 4.306868062726250564e-05 1.989419099896526193e-04 -3.286555769875750720e-05 1.049661654779312711e-03 6.477394736451675718e-03
6.501682751877213649e-05 9.732135056646195324e-05 -4.049431684266715376e-04 -7.052162530847342358e-06 3.561990225565429602e-05 2.376278341220036661e-05 3.713615052666694165e-05 3.799549162267088160e-04 -1.712378132649828644e-04 -1.870170334295479908e-04 -1.141178300797162179e-04 9.565923671400866483e-05 -1.404173583949926271e-03 5.177369195852714497e-03
-3.354754895238863882e-04 2.213433929287331550e-04 -7.437358653102299536e-06 -1.738191864990369141e-04 4.178409796937951077e-04 2.328412244944585611e-05 1.734633655164562161e-04 2.337513265135988515e-04 -9.983170317063592210e-05 8.715527914840148500e-05 -2.252177271087342267e-05 1.463322705563939875e-04 2.084644598414559739e-03 1.447126794189919005e-02
-4.817550483393352994e-04 -1.452127454534771363e-04 -2.786802383922422073e-04 -3.987494195755477539e-04 3.294413464250037335e-04 4.725819038557908114e-05 -9.535346462901776201e-05 -5.449199898752257786e-04 1.039175437339033624e-05 1.688304583504689291e-05 1.277054540834734976e-04 -6.677865939934262698e-05 1.124470621598842738e-03 1.220096737122616098e-02
-2.523066697605376592e-04 5.510277564987995248e-05 -2.798641572839332217e-04 -2.104956069076941274e-04 4.605305813336886089e-04 1.324242703639142988e-04 -1.389213909587645149e-04 -5.162892383442400316e-04 1.513151271579866249e-04 6.193330073042171687e-05 2.202438856152729688e-04 -1.455548261122848581e-04 1.346569557885672055e-03 3.104037829405633178e-03
-2.807959859786329109e-04 -5.132526138156174049e-05 2.164544499836411942e-05 -1.173579002966203570e-04 3.470616383419180780e-04 8.508432709381512804e-05 -9.730616134727196180e-05 -6.387641443880415605e-04 -2.174968720688248537e-06 -9.772084165534647079e-05 8.869255834560249726e-05 -4.967768746158573062e-05 4.409960589600947045e-04 -2.844959728602969827e-03
-1.269812056984566905e-04 -1.573796118988888431e-04 -3.825151955322391285e-05 -1.285926790540394980e-04 2.797000808185582483e-04 1.014383691246123866e-04 -3.951995283439515785e-05 -3.273764097889115079e-04 -2.097322829013682475e-06 -8.785847188979557484e-05 1.276979254644768839e-04 -4.894267847516724983e-05 4.047848132488233107e-04 -3.949695716749490951e-03
7.210609988398871483e-06 -7.127143900831833453e-05 -1.220745308694001806e-04 -9.575939868406807510e-05 5.961586867130775496e-05 6.016541832778065697e-05 -1.957084738122980144e-05 -3.820910154565300290e-04 -8.472881246724199534e-05 7.881356517911671563e-05 1.302621621388389429e-04 -5.490933902994197733e-05 -3.420529912710182016e-05 -6.533101675472976523e-03
-8.503372628252874401e-05 -8.425826286726841735e-05 -6.790475444220549152e-05 -1.215708984729423399e-05 5.331943272103913144e-05 6.182683286949612199e-05 -3.763056693456859699e-05 -2.588937784867457732e-04 -1.277611945551390157e-06 2.167684240155593874e-05 7.374107806361583108e-05 -5.859643494647673615e-05 5.538910586840848672e-04 -6.519084372899767131e-03
2.397548566432835054e-05 -7.572957744299829025e-05 -2.394560043250928342e-05 -6.221152557661097776e-05 1.156248231576188529e-04 4.701334422758953298e-05 -4.342348924536557525e-05 -2.130696143242035974e-04 3.974588454725559136e-05 -1.801737419787285640e-05 2.560858505883800159e-05 9.907980604651502371e-06 1.959317276659480387e-06 -6.377459173682180869e-03
9.574761100969874882e-06 8.063912495645685530e-05 1.118559661133560829e-04 1.049665096511693684e-05 9.238311694379710713e-05 2.773852034821007451e-05 -9.188942321003344842e-06 -5.019262634186341464e-05 2.798030437459640224e-05 5.839268230165980484e-05 5.985132379189615439e-05 -3.692975440521461329e-05 6.385789604747990839e-04 -5.183284845939854432e-03
3.731229092996531326e-06 -1.788864996482177665e-05 4.306120278747906273e-05 -1.862444941990505867e-05 -2.927751782989868908e-05 7.217168347111466748e-06 -7.035641568612968481e-05 -6.513723213159891936e-05 2.426169931559177988e-05 6.336479545949021347e-05 -7.904389532714336565e-06 6.203819967133128923e-06 -1.226126862739414540e-04 -4.898768329151603936e-03
-3.882274493248559900e-05 -5.379622780423746705e-05 -2.245794344596704618e-05 -2.533973545766419667e-05 -8.808599681051939892e-06 1.735753790743005113e-05 -3.438001228252482986e-05 -2.245232065225146302e-05 5.052280395088636947e-06 -1.951709459691061989e-05 3.089780558254045969e-05 -1.235513794778778320e-05 2.808993748520121508e-04 -2.780023353560851992e-03
2.556795008922521710e-05 4.890821356851585966e-07 -5.093738288711609333e-06 6.291353133027135284e-06 8.873823879825691499e-07 -8.805799646983302996e-06 -1.097865636813869120e-05 -7.455126734717760246e-06 -8.018007464228708327e-06 8.203126656766361100e-06 2.385796661500919774e-05 -2.890067733315075318e-06 3.875499755310795675e-05 -1.565550466531600215e-03
2.023067615609600295e-07 -4.078860702314425078e-07 1.135785916142824277e-07 7.390607380768416962e-07 -9.133674961955024054e-08 -1.239449940029378324e-06 7.303739410157762504e-07 9.936464586707834661e-07 1.678991029743609274e-06 2.387857338860350185e-07 5.253063981280199179e-07 4.921126112903928838e-07 -2.826960473563148874e-06 -7.484591602697682525e-05
-1.802676478992343108e-05 -1.937181100688589321e-05 -6.541954345316838693e-06 -1.000005527171756590e-05 1.924557585591515747e-05 9.874117697931881265e-06 -2.127914160059557198e-05 -6.624020901243170379e-06 4.803652908092430900e-06 9.801499356999592826e-08 1.899954486675721767e-05 -1.752714532597921356e-05 3.333614088430781062e-06 -3.542610810351344694e-04
-7.634441143428316752e-05 -5.639438789764438670e-05 -6.640811696599487827e-05 -3.290469058827240789e-05 6.460984450598362136e-05 2.795919812053315035e-05 -4.725611149879740079e-05 -8.751253098367564652e-05 -1.203638337686817776e-05 -1.905791145857582057e-05 1.400331921192761822e-04 -7.209982729026544245e-05 2.352207627461296447e-04 -1.983132705581709676e-03
-9.332495881217705040e-05 -3.755677318978676335e-05 4.984620416877318653e-06 -6.666101201013906272e-05 1.579650526069772693e-04 2.051993920732238271e-05 -7.300117144991450171e-05 -2.090879414772102375e-04 1.647803572068337645e-05 3.887777566186437634e-05 1.845155351241925480e-04 -6.456006339155341859e-05 5.364532950724050899e-04 -3.641320982848274095e-03
-1.329227695368059945e-04 -1.438883607583417402e-04 -1.348519917513427351e-05 -3.318866612225116402e-05 1.709602940760373418e-04 5.347822332065217107e-05 -9.725735056423167680e-05 -3.171776323465661440e-04 -8.562162972404444732e-05 1.038106626914110208e-05 3.236608269852831788e-04 -8.022436905956560561e-05 5.865953030081613988e-04 -3.879118122187896495e-03
-1.918878485762123506e-04 -4.252027783524654872e-05 -9.073646084509626229e-05 -2.765650531181807175e-05 2.437980639137865481e-04 -6.439426307325115335e-06 -1.219689502230475941e-04 -4.305340413138748420e-04 -7.646215529445179147e-05 2.290126114922240460e-05 2.774029792432641654e-04 -7.612710425130966364e-05 4.219041977235356419e-04 -4.554924637715311239e-03
-2.363865711043840222e-04 -1.157600637603719445e-04 -1.720031541398127839e-04 -9.069268404221053452e-05 8.881366139646377925e-05 4.292769354866809864e-05 -2.032518816048857425e-04 -5.696165957042868995e-04 4.562486033258555696e-05 -7.901820917120074049e-05 1.998001456613329350e-04 -1.759201669423731025e-04 -2.627384928391501774e-04 -5.509485606782527599e-03
-7.672797180416934836e-05 -2.262837856009361937e-04 -1.385378880237491989e-04 -1.687653692890457959e-04 1.841852087969722649e-04 -1.346131631195824642e-04 -2.010909488575167155e-04 -6.130264057121439158e-04 -1.342633888590616755e-04 3.154874567736404333e-05 2.795746362824669175e-04 -8.605729113659863738e-06 1.195932964664507591e-03 -3.340009952735651343e-03
-1.242585172016545257e-04 -2.040147628599576330e-04 -1.316861122871794995e-04 -5.200442510189899332e-05 2.236038100535830834e-04 3.894715523675810489e-05 -3.092587244690609403e-05 -6.327686907343286994e-04 -6.158577529221467850e-05 1.355909214711367749e-04 2.390320724811283290e-04 2.184628714478294083e-05 1.567303496295127858e-04 -4.024685808937675593e-03
-3.684460998979334880e-04 4.121095370888619045e-05 -1.162377266569664835e-04 -1.826925707444324335e-04 3.816214015272047255e-04 -1.476168957558024598e-05 -2.263273082607242552e-04 -6.246067252333661890e-04 -2.941240705402421094e-05 1.119811658346221548e-04 2.632218726873236702e-04 -5.951893354931054339e-05 1.316603526550661428e-04 -1.828947138146297608e-03
-3.303772739780745193e-04 -5.764971270801673187e-05 -4.802916817829522782e-05 -1.568864799426470552e-04 3.976225943150692534e-04 1.001311416909457134e-04 -1.085616619939310738e-04 -7.141653979238744105e-04 -2.942745341462555891e-05 7.655169364031393488e-05 3.815252038774686358e-04 -8.274727907948049865e-05 8.610449148315472588e-04 9.906872096825485290e-04
-4.241845430776953660e-04 -6.116614613883145416e-05 -2.576122341503910246e-04 -2.482490255428298153e-04 2.569357573473030542e-04 1.525700594342243178e-04 -1.701030824922387149e-04 -6.782550978578011846e-04 -1.304619554292303705e-04 7.251061545361196521e-05 4.993709478465653665e-05 -1.655601000929697001e-04 -2.235535891902942968e-04 9.577730511930099885e-04
-4.872434410872549340e-04 -2.873851288543361371e-04 -3.136728853755209735e-04 -3.457653991038023007e-04 3.917706158290964829e-04 1.506228309637907192e-04 -9.632547600017166199e-05 -9.539968072921936300e-04 -9.584687426634875911e-05 -1.041449437939088032e-05 2.568076378394108556e-04 -1.224485480446584294e-05 4.976005408308759124e-04 -3.282093220195690924e-04
-4.417110067119569584e-04 2.594063347119742585e-05 -4.054694739458051720e-04 -4.205338737544974184e-04 6.078183458479868460e-04 1.337299989825745800e-04 -7.138861682465195827e-05 -7.319846773093832519e-04 -7.613528311017696137e-06 -6.036724604319468177e-05 -1.143006428838853073e-05 -1.003735120697332782e-04 1.230529904762076845e-03 4.047008179225444757e-03
-4.476282189780498764e-04 -1.293581056215750988e-05 -6.254539595081731003e-04 -3.657911430475752719e-04 4.490062217716294930e-04 1.611917115638038529e-05 -1.218878557837313757e-04 -7.261289459816277049e-04 -7.561100797027493065e-05 -3.746736748759870670e-05 -1.958127654387250866e-04 -1.037895025459528145e-04 4.879875869987748932e-04 5.744427944758457964e-03
-4.626231210216859508e-04 -1.241077753138002040e-04 -1.775713328332923239e-04 -2.990333231358657568e-04 2.932138005355224876e-04 2.114840123579046945e-04 4.690769239928597431e-05 -3.320435591856567823e-04 1.780726640834053031e-04 1.871570218072576028e-04 -4.068745579589999606e-04 8.193151804996464641e-05 1.610075941966358521e-03 1.279496533733797802e-03
3.933449829104768532e-05 1.864669813227412879e-04 9.170287836510392857e-06 -1.465236272509545660e-04 -4.058012566685567288e-05 -9.300818497953742615e-05 1.808675058676984806e-04 2.540077223377186676e-05 -1.862863008840723485e-04 -1.231478274351475548e-05 -3.676770029558519364e-04 2.000960074958735269e-04 8.988029627867046142e-04 1.112007969405273342e-02
4.157129469747927915e-04 2.032449975015436798e-04 -9.058977986536775515e-05 4.381955134193712552e-04 -4.762922472762050590e-04 1.692668466157807108e-04 4.245202224720780399e-04 2.751875645020266997e-04 -1.304825417157190373e-04 -4.531924731462742156e-04 -3.524721473179141568e-04 -2.085873114664719855e-04 -3.451736495702991195e-03 1.285200634071378099e-02
6.802555250101616994e-04 2.057519316249883923e-04 6.806184493400812240e-04 5.887584357946723653e-04 -8.968387088974428710e-04 -1.284179868716716765e-04 3.258964066580282673e-04 4.304079291320129196e-04 1.972539960227341692e-04 -9.450835462406981182e-05 -4.198884004185597348e-04 2.216418499639948177e-04 -1.356910257491466968e-03 1.079152157384892508e-02
8.856385775918642093e-04 3.775716364778839546e-04 7.012174124376912773e-04 4.682006962919249386e-04 -7.045407797706680934e-04 -2.361448239373463637e-04 1.521932858304677315e-04 7.732749905487041600e-04 4.581367470265896680e-04 -1.019900652257715385e-04 -1.590610566112363427e-04 9.173521519988609753e-05 -1.554888180182004229e-03 1.124679476222336348e-02
5.106122659494457573e-04 -1.099087277440806605e-04 1.714106479513110822e-04 3.374840434430092639e-04 -8.033592734286293651e-04 -4.157075474330464539e-04 1.919873478593546196e-04 9.871514554581652372e-04 3.164355665539435455e-05 5.463569446477770461e-05 -2.635329787665842438e-04 2.037554232593374534e-04 -1.005072673391064998e-03 -2.968550918990717972e-04
1.842334562002256361e-04 5.144480100021682880e-04 2.515884325159137812e-04 1.941091361597404728e-04 -1.115354356315104064e-04 -2.244992738782989662e-04 1.994276842702449718e-04 1.099115665773231585e-03 -5.100655876960601685e-05 3.060641192314660520e-05 1.472847844347320971e-05 2.722439561092199829e-04 -9.037272197843844879e-04 6.087681520417023880e-03
1.416437373597521129e-04 1.426369545514691494e-05 1.472470918385148286e-04 2.614456352758139906e-05 -1.108196059874762198e-04 1.134172588557294558e-04 2.222290327459148490e-05 8.158794647961101687e-04 4.024269690566372507e-06 1.526969910362570019e-05 -8.853939859762738503e-05 -7.865765003046474679e-05 -9.146290832062856395e-05 -3.127325763425117203e-03
-5.250830919772902967e-06 -2.368826856990038636e-05 -3.751546888086325615e-05 -1.529956122633608143e-04 1.188418821700025301e-04 5.423043181947276504e-05 3.754636191180892811e-05 4.191241833268024089e-04 3.047191647378611300e-05 -1.008445018915281937e-05 5.616597215787205461e-05 1.180669335503040004e-04 6.608224385867108501e-05 -3.732220445581383491e-03
7.475093711212817416e-06 -2.880218435348827513e-05 -5.487666940543179620e-05 -3.765402746956187193e-05 5.262928930206689504e-05 6.406362639204478708e-05 -4.407684617953640255e-05 4.891721244849292667e-05 3.207929411057970393e-07 5.370023607119297327e-05 3.672988321818928196e-07 2.859394312995239792e-06 3.593802699715409094e-04 -4.882445173382161940e-03
-3.719872711951303592e-05 -3.912306447455995268e-05 2.902975890754688808e-05 -3.432366039338224852e-05 5.065405151517345420e-05 6.929705330458265549e-05 -2.976447287223944781e-05 4.070803153807100717e-05 1.147708803906111269e-07 4.228339619353399580e-05 -2.702705808770971204e-05 2.072102303502742113e-05 4.223044677067287343e-05 -6.216779966866081523e-03
-6.450458394683883183e-05 -4.761545782311484503e-05 -6.680617309246001279e-05 1.202379739375258300e-05 7.905460135948975768e-06 -1.624881277637808241e-05 -5.063110304386055050e-05 9.704862282907239423e-06 1.792866130420085459e-05 -3.543712918573952521e-05 4.039716031176803082e-05 -3.558470205221425214e-05 2.926758778036599997e-04 -5.158093622424281266e-03
2.181974135737143968e-05 2.100178719759903808e-05 2.462016970719573967e-05 1.927611636500806285e-05 -2.196424404771772567e-05 8.660112619481564097e-06 1.836378145604599549e-06 3.163376964402192190e-05 -1.187387131811480968e-05 3.494349213189523382e-05 -1.060358785092635353e-05 -1.671925544124106155e-06 -6.269167004464171894e-05 -2.252615678944542860e-03
-9.310258734516137253e-07 1.081113247303040264e-05 1.749524921564139381e-05 1.175925159849024253e-06 -2.533158240286446930e-06 -9.326757764289752078e-06 -2.082974147531456137e-05 3.441728028876334230e-05 -1.811518374940225174e-05 -1.034802831096071097e-05 -7.977838527780909086e-06 1.018019538579526489e-05 -7.084413784669194817e-05 -8.541522056306132893e-04
-1.043421151971584782e-05 -2.104676829827276135e-05 -1.343081416822271202e-05 6.643549768171442130e-06 -1.017142505305918459e-05 8.798198691517800464e-07 -9.825451873948402043e-06 6.890556780487184619e-06 -6.863859799659875101e-06 -8.638314840051223887e-06 2.131690225774089889e-05 -2.552223301079996955e-05 1.229354042129109738e-05 -7.660844019241035835e-04
-1.076973850082157102e-05 2.649738472385158611e-06 1.542022718753752522e-05 1.714670953042203092e-05 -1.142566586477647170e-06 -8.513184030973504240e-06 3.122237362904977357e-06 1.073695647062895810e-05 -1.238085719762193941e-06 9.285275077758711098e-06 2.375688481361784721e-06 5.682605160522796888e-06 -4.451994087410446907e-05 -2.526572212185009729e-04
1.178120195755489824e-05 6.243097582007649882e-06 6.093932111402990664e-06 1.684879611290407154e-06 -6.567848043961909177e-06 1.301431117065872326e-06 -2.682742845989885951e-07 -7.927481351193984649e-07 -7.292715174455568684e-07 -1.013834511177434126e-05 -1.938350808614898706e-06 -2.823892651827797211e-08 -5.443417094153733403e-05 -3.339760030178603100e-04
-2.564548380169699158e-06 5.993830219174336042e-06 -1.271261111591257237e-06 6.463569221652676461e-06 6.393275525575266977e-06 5.202237621565265241e-07 -4.523423830850371116e-06 2.754133028576960706e-06 7.129131885884484934e-06 -1.220040348825527207e-06 6.747637716881636370e-06 -5.286266751218187945e-06 -1.165422920950274934e-05 1.192114569089554213e-05
4.590728566482147578e-07 -1.383969213664120730e-08 5.253233106975962560e-07 1.282648317126201342e-07 1.827300153919778873e-07 2.519052111691721491e-07 -2.127938994830642369e-07 -4.279083727223510560e-08 -1.336632711397131886e-07 2.262318039949904759e-07 -1.754313940424356667e-07 2.112661997927949275e-07 1.107548653007659903e-06 -1.031635350869404899e-05
-6.063887566921519756e+00 4.444854708160384149e+01 1.667074297754700041e+01 3.515985656442771834e+00 1.975099841512052201e+00 -3.465245758201517923e+00 -5.413678930045770166e+00 7.958289641538650594e-01 1.032947943537290414e-01 7.024980645291321046e-01 -2.208243766681527998e+00 3.001237090772096439e-01 -1.162773507973519971e+00 5.701626739587732118e+01
2.377468000018594270e-03 6.596970963901662224e-03 -1.676675961888971769e-03 2.535045262058247266e-04 -5.975366900955476207e-04 8.061640017944958145e-04 8.646657890489295234e-04 1.053585848737525034e-03 4.797223653072719258e-04 -1.651761410632391388e-04 -3.155370755392426785e-04 -5.040843002314055127e-04 -5.020360285423885668e-03 -4.913076932292686355e-02
2.350565047131692852e-03 1.105805383393441976e-02 -1.752175080162534076e-03 5.439584867535819787e-04 -8.835058192240567883e-04 6.216760623229309300e-04 8.861117674857669699e-04 2.070378411629376306e-03 6.613021278921897908e-04 2.161458157816579628e-04 -8.903488469288657777e-06 -2.993248985311503858e-05 -5.342937116156133617e-04 -6.236810018132126626e-02
1.393999004589971348e-03 7.531959747227110445e-03 -4.934400596968401822e-04 5.874895248217462413e-04 -1.385458383325080447e-03 -1.699593753250813884e-04 4.359593383445394292e-04 1.985475639007177034e-03 -1.103062371819339482e-04 -2.091855014077756208e-04 -2.572362439923955575e-04 1.936219525339694472e-04 -8.314814509026298124e-04 -1.667181879801631940e-03
5.945133085679262745e-04 2.461433930906920951e-04 1.465152259166200817e-03 2.321264444644138207e-04 -4.347335811441016724e-04 -2.696653176711547766e-04 2.773661984710947296e-04 7.236163459331119681e-04 -1.719962939402388479e-06 2.795594795359325805e-04 -7.407948199239785072e-05 3.050976348613721823e-04 4.928199633959099921e-03 5.271243021977372462e-02
4.277909386319516186e-05 -4.320826325725237414e-03 1.696912954711715139e-03 4.159480618612477012e-04 -2.499268432011862067e-04 -8.671113289153729647e-04 -2.586528448118347490e-04 4.298956602110302850e-04 -1.682330377606855562e-04 1.037803024965781732e-04 -6.904605642882682926e-04 -3.958786219236813165e-05 -9.633138715498809146e-05 3.565116573970581598e-02
-5.259837241631393342e-04 -3.746847441408661123e-03 1.583583145414691525e-03 4.978358010028405192e-04 -3.040447598382864792e-04 -5.308105028233026839e-04 -4.753033374694081711e-05 1.913892998690236891e-04 2.925226724718491228e-04 3.331656422640335820e-04 -1.021323221514325823e-05 -9.457479861957542478e-05 1.335983167641177638e-03 2.521192727066883660e-02
-9.275637658304289757e-04 -4.082956882099550086e-03 9.229651879571368171e-04 1.908615137758851046e-04 3.905549047111560226e-04 -1.761233721339709171e-04 -3.169414727768458300e-04 -1.033202103631839511e-04 1.036754160942353467e-04 1.351341310345001152e-04 -1.955232008790660039e-04 1.523236208975365085e-04 -6.559433643568106506e-04 -1.417268582165759697e-02
-8.175652867381317428e-04 -4.112067398550381565e-03 2.321226574079428599e-04 -1.523408070479028159e-05 -1.263949644164491493e-04 -2.192388750384848851e-04 1.347203512668403874e-04 -7.504012201773092600e-04 -5.972871401255194258e-04 1.237617090175585687e-04 -3.576895976801207919e-04 1.303487878344675784e-04 9.290685007897166777e-04 -4.539831224706660645e-03
-7.753568063583310670e-04 -2.788290576049761403e-03 7.271014122895221195e-05 -1.256797415251021795e-05 1.693240847789952597e-04 -3.441940650556480751e-04 -5.190977082668952677e-04 -5.875470021098906084e-04 -5.716839749153050014e-05 -2.547846826709343818e-05 7.610718885371650058e-05 8.791181852991742198e-05 1.507492918625772272e-04 1.211090132777935778e-02
-7.634880774612520316e-04 -2.090282819762826795e-03 3.471231721104013873e-05 -1.054949786059413075e-04 4.155449284680566742e-04 1.298516661293451795e-04 -4.108185135256426051e-04 -8.470536690315594915e-04 -2.641072270142473771e-04 -2.389417823824449647e-04 -1.561553111869221761e-05 1.234541652000474867e-05 1.604670983721643521e-03 1.291852194245620214e-02
-7.020813199781849147e-04 -1.143518907012610036e-03 -1.171914635735558748e-05 -3.468321106665002581e-04 4.400183574497542856e-04 1.332942516172444941e-05 -1.364437946904797710e-04 -8.343774398518565135e-04 -1.843341767988155514e-04 -7.864132067399630334e-05 1.787180105895281885e-04 9.990549910554041174e-06 1.043778150394821062e-04 -2.081922103103752471e-03
2.188439587290187324e-03 4.115297620781381560e-03 -1.662576741922570499e-03 1.411671676771604229e-03 -6.305729886266251511e-04 6.284532778773503159e-04 -2.746794532993426257e-05 1.903313273488564487e-03 5.970143010288481026e-04 -1.884186196638076090e-04 -2.448202714516895537e-04 -1.638425353873221735e-03 -2.331760263373356973e-03 -5.621874774295243168e-03
1.457846941349759482e-03 2.167214789611951551e-03 -1.352802382252920026e-03 6.443413704421931858e-04 -7.915344668540885784e-04 -8.942855796217106341e-04 2.438463281761568593e-04 2.494347142784927602e-03 3.965870076082332737e-04 3.418414112175265107e-04 -6.193620755315811357e-04 -1.160671264562404293e-04 1.122131964665221571e-03 9.542188238921721008e-03
2.352186868285681236e-03 3.808379242990727991e-03 -2.298885915524569862e-03 1.298382732700519720e-04 -3.244144785792788823e-04 -5.255462352320178915e-04 -2.997506380738930334e-04 1.612294476396887661e-03 1.250408681949725367e-03 2.871336265567799462e-04 -9.769778578763920699e-04 -4.640443268104177486e-04 -3.017948234388222704e-03 -1.274951298033446569e-02
1.582306216827250069e-03 2.639089886430755465e-03 -6.038951646906025360e-04 9.459997811746070906e-04 2.012975487390073658e-05 -5.531720063884199533e-04 1.304343004776572926e-03 1.793992667783727082e-03 -4.917334550379349068e-04 6.042145461227118848e-04 -3.407347263432193292e-04 -8.536541289357507710e-05 9.103614731748759566e-04 -1.057361705693021618e-02
-6.229222275576730189e-05 -3.525664219086063848e-05 5.156056318032923354e-04 2.182647684799507589e-04 -3.502483768082844968e-04 -1.450048350505456750e-04 -5.823932973385253890e-04 1.717384770598438760e-03 6.046939721676748182e-04 9.370946863807848607e-04 -2.546436941805008776e-04 -6.430121603528666076e-04 -8.264535693418609795e-04 -2.235286235532935734e-02
-4.385393069078065116e-04 -1.673704440199063866e-03 1.316100441068358004e-03 -8.895298660856704534e-05 -2.407238767937575855e-04 -7.904482000332825999e-04 3.348286172185241882e-05 -1.183418924341984564e-03 8.165236048845479289e-04 -3.707802107101209254e-04 1.401132565625422667e-04 -5.986980426728672399e-04 -9.440942921830644497e-04 -1.164455781412313852e-02
-2.972190133640794166e-03 -5.394988882474027747e-03 1.874765628381597216e-03 2.360535204383277803e-04 3.756646233241579141e-04 3.298284461014651218e-04 -9.995746115769867882e-04 -2.025753367112960186e-03 -1.614490605700986871e-03 -1.397206714277951143e-04 4.010515600764502577e-04 3.840435160276385162e-04 -3.116266392052696212e-03 3.894299124158805830e-02
-4.006910511891187236e-03 -1.024197400948187453e-02 3.368911096746126342e-03 -1.664558907694430913e-03 3.636966851056856222e-03 1.050036994377190683e-03 -1.950622277614015056e-04 -5.039786032371069459e-03 -1.400512158517512725e-03 4.857324644415958632e-04 1.876648146470094808e-03 1.445836405482807526e-03 1.780678253860928581e-02 2.195171624783276432e-03
-6.970442118036259023e-03 -1.121725098386900862e-02 -1.407005043534441478e-03 -4.511029131791377891e-03 2.992840623442562849e-03 8.568488284268533815e-04 -2.070223836100247572e-03 -7.496926164225544732e-03 -1.022917704581519571e-03 -2.315488316724842628e-03 1.504544545368999980e-03 1.523288767811673211e-03 -4.883512322842266384e-03 5.676702302875605288e-03
-5.435679848909627391e-04 -1.571739276334980237e-03 1.845948224964049701e-04 -1.208342979788749617e-04 1.657485201398817265e-04 -1.116515851436917253e-04 -8.731616690073551674e-05 -2.505578995910009684e-04 -1.294185843207350673e-04 8.028215616999283266e-05 1.327269179559745382e-05 4.817803897278850773e-06 5.023239903824532884e-04 -2.331504441318797347e-03
-3.259024881455636143e-04 -1.779692293463013475e-03 4.259357503301357045e-04 1.158330845923199114e-04 6.737688209139622319e-05 -1.387638492084676758e-06 -1.153366591830174239e-05 -1.348580735674006408e-04 4.632444327155125222e-05 -9.519606934547773921e-05 7.956647672434765057e-05 2.003325630857225590e-04 -1.249568565943577972e-04 5.990040776211851166e-03
-2.013772814546465424e-04 -1.062926758355332586e-03 4.628185116765964240e-04 3.569504979475917998e-05 -2.554137864241225078e-04 -7.134467532136982938e-05 -1.117274859549851918e-04 2.030599355048109684e-04 -1.000069233606586355e-04 1.648737635829909231e-04 2.078744824932826413e-04 1.574329060228182322e-05 1.088351461704172496e-03 7.449162224257875782e-03
3.835545508767479526e-04 1.313311466805925677e-03 -9.822626490529320144e-06 -2.421003061682193609e-04 1.848396344482085253e-04 -2.325639153681963373e-04 -1.898773997597564238e-05 -7.527835897225657622e-05 -7.462287752221686968e-05 -1.992479931305992139e-04 -1.865475864556539651e-04 -3.097336543269353236e-04 -1.257040582480652103e-03 9.836916508783842550e-03
6.655804173166339748e-04 2.619164198009997935e-03 1.047600681631441217e-04 2.671933061682500287e-04 -1.253798957881572271e-04 -3.250268017620247876e-05 1.420767215056799218e-04 5.907426299393342059e-04 6.977814037570946452e-05 8.788191543385761835e-05 1.445076467726019102e-04 1.843421407457209772e-04 7.899261340713590891e-04 -3.497093451795554257e-03
1.193791995817175501e-03 4.502553007847414843e-03 -1.163649202563144533e-03 1.901801132092087432e-04 -5.244665401944405194e-04 5.016593368350975770e-04 6.480930714657431304e-04 7.038375625085377049e-04 7.533282348776204401e-04 -2.616844130535606310e-04 -6.416718078459993134e-04 -2.319917400068995843e-04 -5.655668980738885049e-03 -1.183279930929441968e-02
1.546755753255645276e-03 4.384201854395074552e-03 -1.459702041134339863e-03 1.684699673696374138e-04 -3.542319947440652128e-04 7.167974295693446424e-04 6.304286137489562144e-04 3.593759915514898348e-04 3.620280535217359499e-04 -4.693697138381477431e-04 6.908178212646615655e-05 -2.990496795362976366e-04 -1.812618385225209803e-03 -1.231094001374751987e-02
1.008123142995672470e-03 4.578641068860285143e-03 -1.498952891099641135e-03 -8.771852002007661736e-05 -9.953440865554563817e-04 5.899326080231585574e-04 3.311212516513509924e-04 9.978602268592593957e-04 1.307797219103644436e-04 3.105347635488260052e-04 -2.539707813557053799e-05 -2.529108162948602817e-04 -2.379882451869414980e-03 -1.016303600951167126e-02
8.324368874349498361e-04 2.514010255728096367e-03 -1.069984029427932754e-04 3.229918005977416504e-04 -7.284076774467118263e-04 2.145872441599367048e-04 3.165118235319662595e-04 6.300566965950796195e-04 -3.684499756690731167e-04 -3.060547522995550021e-04 3.049749205621830254e-04 1.806790498928389881e-04 6.099207363786088212e-04 -2.413483742832317480e-05
3.373058604164726995e-04 6.807522678273207227e-04 -1.494308862629748034e-04 4.087263840765119712e-05 3.035120142864582236e-04 -1.958742761742067017e-04 -1.346646391225989709e-04 1.992084434619467779e-04 -2.982814570919887294e-04 3.037464626428510871e-04 2.996988573632568831e-05 1.760392860534347502e-04 1.654682181190438939e-03 1.725053045271927096e-03
-1.923418494979102283e-05 -2.652776814117356998e-04 8.815829695445509843e-04 -2.423838568123859200e-04 -2.824207504996871664e-05 -2.570185506556680070e-04 1.852481181118606501e-04 -8.650089520144081662e-06 2.791727280732490455e-05 2.031824684232723594e-04 -2.876304273624964068e-05 4.571384171412443977e-04 1.350277751366673728e-03 1.115226892806245318e-02
-6.462811786520465673e-04 -2.308877501980604631e-03 7.565832552397484074e-04 -1.012406198433367594e-04 9.078208768356059325e-05 -1.453722039934707462e-04 -2.960381211099666061e-04 -1.817748653107528723e-04 5.910332985127182513e-05 -1.534250384549559849e-05 5.424684129615170983e-05 6.461060559077863455e-05 9.298498651761094190e-04 7.223646354958446550e-03
-5.208749862780574346e-04 -1.858140257288443901e-03 4.345047125645810156e-04 -3.928605983798708024e-05 1.949993800779331100e-04 -1.566651759035593561e-04 -1.496154900960619018e-04 -4.667242771915987884e-04 3.380896278338226045e-05 2.847314645857361150e-05 -7.089829091968036560e-05 -3.976459661137768614e-05 5.312555684514315511e-04 -5.391461263631432826e-03
