-7.862256245646463693e-02 -6.346963646831937922e-02 -1.123468355123824758e-01 -1.068006696861334981e-01 1.288552603270330388e-01 4.887260232686687494e-02 4.112829978164833991e-03 8.876493271587406753e-01 2.089781548320886542e-02 5.599166540951997645e-02 -1.537977682549570013e-01 -5.462405272021558095e-03 -4.268737510115799827e-01 -1.639660352448744618e+01
1.019083457015394116e-03 -2.685430987615175340e-03 5.030270309747483619e-03 1.532076977958215331e-03 -2.186217922435677603e-03 6.291707458285927552e-04 1.305366053857283620e-04 1.098033482187546397e-03 1.489516356817813768e-03 8.244321783412043771e-04 2.369845702562800669e-03 2.846035970147104376e-03 -7.940981632147290845e-03 -2.510249538849784745e-01
1.894450963859362980e-03 2.785753362163356350e-03 8.843440620925514936e-04 7.007095100061336681e-04 9.572435256064453944e-04 -4.012515772359107470e-04 2.839733159141144374e-03 7.773780203463098899e-03 -8.974458671972515870e-04 1.757344027298616206e-04 1.568190642531269415e-03 -1.684262992638137658e-03 -8.919028995936096466e-03 -1.106163703075777188e-01
3.678588885703698856e-04 2.142935375643340110e-03 -1.996864356692765706e-03 -1.863076828833126232e-03 1.329478790376946440e-03 -2.179432853818717795e-03 -1.315416812159597845e-03 8.016293294690685772e-03 -1.255272396190651235e-03 -1.349547790072379034e-03 -1.868531208925242222e-03 1.386529780262356522e-03 8.729215331184711837e-03 7.962207946380908674e-02
-8.833743410493319261e-04 8.374024943277457323e-05 -3.864442338240978245e-03 -7.951489357596793492e-04 1.067442560101495392e-03 -3.923467349231347733e-05 -1.034844830025046349e-03 1.857148369288624508e-03 -1.760984138604123781e-03 -8.069492777326176675e-04 -2.917129221841419442e-03 -1.931711430926513241e-03 1.574397881520770218e-02 3.226488470879279036e-01
-1.388638272961222617e-03 4.196440551138226269e-04 -2.371328766879396161e-03 -2.659606990033103798e-03 1.133911213369117764e-04 -1.146564536560730561e-04 -8.543141887929640160e-04 -8.797164467917704261e-03 -7.252416183578505506e-04 -3.551282729918743509e-04 -2.062104019388277809e-03 6.816716378385106459e-05 1.663914234503171413e-02 2.476065801880705519e-01
-1.792523515093369943e-03 1.982607929812184658e-03 -1.429426850192575113e-03 -5.722407169396618633e-06 2.407575762098148058e-04 1.207483847489161205e-04 -2.900564340777419202e-04 -3.800942918380345158e-03 -2.844046779474405733e-04 3.985694837002131145e-04 -7.079304551787941316e-04 -6.207777773578836665e-04 4.339491266991619793e-03 3.411479635872664840e-02
-4.130527959758279626e-04 1.531307712028100198e-04 -5.411882722604278084e-04 8.528062133383951878e-05 1.804443754277400118e-04 -5.505086071916314149e-05 -3.033583178058931384e-04 -3.054689060104518665e-04 -1.245936895530769283e-04 -4.438955128804362185e-05 2.921843509398817755e-04 -1.663766075579648559e-04 1.229008624358490873e-03 1.115697718116166401e-02
4.500598591019183974e-04 -7.458162427146995243e-04 1.467445034682403381e-03 6.330696361858213555e-04 -5.372883520922666070e-04 5.192781255291829389e-04 1.338953154994199481e-03 -5.545832138896920763e-04 1.260871265424196291e-03 1.162073980264188844e-03 6.627012504006845857e-04 8.116828659145676819e-04 -1.621328086142156608e-02 -1.764073529205412993e-01
1.293425901438505178e-03 -1.868213041847315622e-03 3.394185376617243010e-04 5.094894633956865287e-04 -5.830482645236416709e-04 3.113537138653616246e-04 -3.417008658081692571e-04 1.422458052639977806e-03 6.782263564532216293e-04 -1.819617765155912090e-04 1.702741441273493067e-05 -3.468912835049644009e-04 -7.380510301464619609e-03 -1.736990663615843866e-01
9.759093579627777567e-04 -1.256845357212127640e-03 2.568645171006798174e-03 1.376278587091466247e-03 -1.570025456610198936e-04 5.667186870105124074e-04 3.988773183678940150e-04 1.997058105952205249e-03 3.109098129976795412e-04 -1.009750059031618820e-05 8.663886427942320669e-04 5.758305228050233883e-04 -7.017578826270722426e-04 -7.854613297716862841e-02
2.320557815076263537e-04 -2.351048076287521010e-04 -1.047553695688840361e-04 4.669476620652027575e-06 -2.772273920582659051e-04 -3.479289040318466765e-04 -8.856482064578200257e-05 1.002015670311005250e-03 -5.602415973621202100e-05 1.779302413992127384e-04 -5.685822938519270834e-05 -4.995469035605006622e-05 1.592232636447858240e-03 -6.133567537116817528e-03
-4.599236649051613056e-04 6.187353908820316349e-04 -5.571135691853491660e-04 -5.448674899596914027e-04 1.796109931475782246e-04 1.132445644932839057e-04 -1.796303074557387516e-04 -2.152726856236949658e-04 -4.447603718576511071e-04 -7.227470453768225630e-04 1.980904464308506701e-04 -6.566798709311989508e-05 4.064622167859250311e-03 8.016369671532568020e-02
-3.321754678506827659e-04 1.546291217742258616e-04 -7.247114471675368931e-04 -3.869751331363982961e-04 8.102026692087893416e-05 -4.291117910360333124e-04 -4.435787493955367557e-04 -1.836579911339852617e-03 -1.619057337556958540e-04 9.446604326812328277e-05 -7.631992796993746593e-04 -2.368017669304834738e-04 3.718573765432775947e-03 6.859699722879951389e-02
-3.439623285968675549e-04 4.351945573315306654e-04 -3.361128132583336247e-04 -8.874038345912185777e-05 1.693435344770440791e-04 1.064209577587138777e-04 -3.896039732258119414e-05 -8.432806160537151654e-04 -2.781442416731256292e-05 6.413009100718250043e-05 -2.798049002782919989e-05 -4.075264689650834424e-05 1.359715631882750389e-03 2.143719395574455663e-02
-1.795284140052403883e-04 8.924372375710032553e-05 -2.108493959466598044e-04 -1.539489335301075023e-05 5.788004580227303401e-05 -1.125985548137455220e-05 -7.833520052150318473e-05 -1.405199414468336864e-04 -7.276448816843220156e-05 -2.575954294562801718e-05 4.135660998813214388e-05 -7.319974645507299339e-05 3.911518953087973240e-04 7.289059730880086997e-03
1.066608505018973015e-04 -1.055604959510417895e-04 -3.926694673399932871e-05 3.658480140824629768e-05 -6.836604745859337269e-05 3.760451283553859668e-05 -6.805435916585184087e-05 4.059507053074295677e-04 1.036034253695755587e-04 1.012941553577304064e-04 -1.168082761654811732e-04 8.893716345958995850e-05 9.035514750515094107e-05 -7.732520500235462099e-03
4.191781798948586435e-05 -1.138749109291344214e-05 5.534799957817236030e-05 2.013140768720560307e-07 1.026745909973038567e-04 8.255643064924761323e-05 -6.120222828186131089e-05 2.243706002067772591e-04 2.886432042724292271e-05 -2.318291161408810369e-05 -6.063214940712509772e-05 1.127829086115377801e-04 9.815976421284833752e-05 -5.321728964046219985e-03
9.053080320983320081e-06 -4.053834040088571218e-05 -1.210416815353098724e-04 -4.646346959041901866e-05 -2.780716098726813290e-05 6.021374292456464853e-05 8.322878503872369418e-05 -2.825738027735949878e-04 -3.476661324633230132e-05 -4.035178969874353839e-05 -1.356449592241321491e-04 9.829682222526666219e-07 3.662376207206197035e-04 5.425452695541896526e-03
-5.492516097718523588e-05 3.665671639203718667e-05 1.068752664706888533e-04 7.123428887803689134e-05 1.286764204755889572e-04 -1.697308174016901332e-04 1.186304133948466011e-04 -4.995874770183888862e-04 1.077912470620500296e-04 9.457996726190981299e-05 -1.585136067545930461e-05 8.617271896557903517e-05 1.240647087686455206e-03 9.223005544917003279e-03
-4.289070285098329138e-04 2.820393154716627779e-04 -2.883816819423615642e-04 -5.192080259111958574e-05 -6.566611462054309611e-05 1.204534181086952153e-04 -1.990817452037389539e-04 -1.033790196588332128e-03 -2.546752387852420645e-04 9.112419911330840510e-05 -1.476845810519863424e-04 -1.710145757438545958e-04 1.458253635632852409e-03 2.594206923535778697e-02
-4.885502111334085297e-04 5.308392518413955746e-04 -2.502177322280884990e-04 -1.900210568234367867e-04 -1.715880833393146137e-05 -2.501522038173011099e-05 -3.634886926418463577e-04 -7.382756987417586148e-04 -3.127571152082998102e-04 7.109480146732788245e-05 1.766481642152535440e-04 -3.097196523740055859e-04 1.364457659806129781e-03 2.487236163489945501e-02
-3.980438354633302964e-04 1.086491569173721991e-04 -8.320565530803519880e-04 -3.213157097900278149e-05 4.585774368433863314e-04 -4.979978988452620376e-05 -3.753015778422590988e-04 -8.974353684759807685e-04 2.172749633441636705e-05 -2.685116392387579872e-04 3.413035713245971101e-04 -2.313965984900323862e-04 1.007812265710335536e-03 2.505556780167065081e-02
-5.153340689418729314e-04 1.766495901040057487e-04 -7.305862423345692693e-04 -2.078042352513525962e-04 -4.775418805022245178e-05 -1.906466653684235700e-04 2.175175588653324463e-06 -8.007111112651625140e-04 -1.227000026878190980e-04 -2.299662359797042155e-04 1.066887052192168643e-04 -3.747781076810185975e-04 -1.417964589020203562e-04 3.060944019999506729e-02
9.696763263315502090e-01 -3.761579090002819536e-01 -2.194088504143842655e-01 1.088480992858440050e-01 -1.632907442313892010e-01 1.564079024404768092e-01 -5.942333426024398041e-02 2.755762349907203701e-01 -1.880182833431477338e-02 2.427161745078722233e-02 -6.762580421683690723e-02 3.334523344458753449e-03 -2.599165086484434561e-01 1.495669391629032896e+00
1.376998412466289142e-03 -1.129267620072994024e-03 2.567959061715001249e-04 7.915671786775734615e-04 -1.196062973425623434e-03 3.605562087435816056e-04 -4.668310089510891272e-04 -1.199058252717467420e-03 3.442597290121235886e-04 1.716848392461288550e-04 -1.073993905945168359e-03 -1.159270691712405458e-03 8.442070467798080957e-03 9.973636037269807686e-02
-9.375791477706392745e-04 1.008787346429025145e-03 2.037882752800533690e-03 -1.670926801762876671e-03 1.666705808649561688e-03 -8.566740819764558741e-04 4.119895901444340009e-04 4.492981090178134115e-03 -7.014825047286147957e-05 8.324037517739697961e-04 2.074276233876262004e-03 7.333266694715485836e-04 -1.883047135056462387e-02 -1.221638528567787346e-01
-5.349073664372118930e-04 3.822513938781315636e-04 -2.358561644315841904e-03 4.695585481373458080e-04 -9.314945081012681411e-04 1.994770130739829375e-04 1.569733595514460195e-04 -1.772345595277864368e-03 5.517539638327082939e-04 -8.596147627705383277e-04 -2.628106290867990129e-03 4.918453834095197139e-04 9.077485098128392285e-03 4.411677417096983994e-02
-2.204964438950394166e-04 -3.730313142350742271e-04 -3.278858301082719520e-05 -3.419583568860898483e-05 1.827961947552742613e-04 1.840450331314233900e-04 -7.523499087468634339e-05 -1.230820138762206677e-03 -2.057857899230224963e-04 -2.557489567790508758e-04 8.752613108567512635e-05 -2.987644397565727375e-05 3.029724804515339029e-03 9.258150528505017240e-03
-4.511258915906950738e-03 3.622210882737538721e-03 9.024943090868032397e-04 -9.384391841914556040e-04 2.849539392657412119e-03 -3.727582842072298727e-03 1.993356294676842336e-03 6.511280621670663231e-03 -8.355563608897587991e-05 1.268605038965825264e-03 6.368900927636170824e-05 2.844774781354673021e-04 -3.706276763257643908e-02 -3.489266199484891140e-01
1.395160332701348219e-02 3.331235141456118185e-03 6.527804657838938169e-04 -1.033991225988363169e-03 -1.994404251420612163e-03 -2.435289238233435787e-04 3.073170179201697386e-03 1.663346808708358188e-02 -8.576594790164617866e-04 7.707826810341534629e-04 1.450300741141771071e-03 1.289999606038147028e-04 -3.197409256778509495e-03 7.121865614254313526e-02
-3.063050490771308462e-03 -1.260098668241586058e-03 -2.339297825173404651e-04 8.813144313011211321e-04 -7.328033132284518265e-04 1.027479361482145845e-03 -1.094486499623766387e-03 -7.331215328744140718e-03 5.690814374766005540e-04 -4.848749802138941495e-04 -2.027378281535434975e-03 1.992059606110154688e-06 1.376981756262321381e-02 1.064244211758804265e-01
-3.689680146008179592e-04 -7.121051549947152908e-04 -1.784689675791112742e-04 -1.400747350335455894e-05 1.716134682755002293e-04 2.870808995422359424e-04 -4.483633670980991686e-04 -1.042303493225559636e-03 -1.097354492688437313e-04 -1.528753768943973807e-04 6.397796859047017847e-04 -6.280827438392978768e-05 1.361122901048620248e-03 3.550708437370854453e-03
2.479413549368894749e-03 1.022447302817941148e-02 1.157817972693621182e-03 2.197237801889333035e-03 -4.934625146128886111e-04 -8.620657406771174789e-04 -7.005542657880177492e-05 1.422704080010140162e-02 1.074574075469923295e-03 -4.022537804411103232e-04 3.269875112003686052e-03 -2.934281457872584963e-04 -5.243811746469222504e-03 4.676384870155717022e-02
1.955052413172625545e-03 2.180506827377348515e-03 3.203190944741122429e-03 -1.585983698097965947e-03 -2.987828909091217334e-03 -1.659493243166273958e-03 3.251880123834284368e-03 4.990034706107140602e-04 5.610277619489814150e-04 2.045635107344385625e-03 -2.699664579681179417e-03 -1.955855765610313695e-03 1.693249870192688883e-02 4.249934194167027252e-02
-9.623361627242204772e-03 -1.691301010600559582e-02 -5.293584224667061480e-03 5.938787780840871187e-04 3.434715519913497314e-03 5.024955441285774635e-03 -6.301613766533773267e-03 -2.829642989605387834e-02 -1.612886672197555221e-03 -2.896770210759009537e-03 2.215222632936688881e-04 1.968529079177039603e-03 1.040008498878823746e-02 4.724584048007752363e-02
-1.883300692758361450e+01 -1.894830846241536193e+01 -2.209018599347977840e+01 -2.355373003219548167e+01 2.496434819070063327e+01 1.179758448255276271e+01 -4.873714752311101073e+00 3.942761158872531979e+01 1.518031609277497695e+00 2.841905923525966937e+00 -7.050113668303468195e+00 -4.112491616912662962e-01 -1.666356336929554516e+01 -4.584001038674567319e+00
3.887513855964826463e-04 3.979341148591162658e-04 1.723048844532550691e-04 4.084968952645686964e-04 -6.219807266532136796e-04 -2.209473310752510197e-04 1.682627062503181520e-04 -2.912415917623887370e-04 7.236582799828171490e-06 1.213113702461922665e-06 9.509110594643607392e-05 -1.029094476213973796e-05 -2.735456181589566993e-03 2.646849294857346168e-03
5.820210097201223339e-04 2.589782118261975733e-04 1.042200897335325690e-03 8.065977112059188533e-04 -1.030448322350183436e-03 -3.133955191085031487e-04 3.602920680060220501e-04 1.441922615541146749e-04 2.406644712617850193e-04 2.874949821970425659e-04 4.219684904181352018e-05 3.326816749461889810e-04 -2.401315368982576050e-03 -2.507298427986657738e-02
1.050352165213005442e-03 2.431016388086091348e-04 5.453791759106758072e-04 1.148950215553496421e-03 -1.214762780295095988e-03 -2.791924519934979609e-04 4.255978781634725473e-04 6.145849880729534762e-04 -7.329351596726903684e-05 -1.892557151039803609e-04 -1.022436834963199974e-04 4.720747001469985447e-04 -2.526680481518650805e-03 -6.002365235520656234e-02
1.173236253004431235e-03 2.739949250667970553e-05 1.099552950031781710e-03 1.153602213567856858e-03 -1.127732354424154735e-03 -6.465513253873011795e-04 7.653561940967049853e-04 9.937607434570682602e-04 -1.692868009437576183e-05 3.032139406496548668e-05 2.074037205089752768e-05 2.673906379177681965e-04 -6.928327780034698041e-03 -6.654684027687371439e-02
1.087282705501784125e-03 7.530797592918546824e-04 1.458294245567268079e-03 1.263271491949333756e-03 -8.681846968899544154e-04 -4.125852713685139038e-04 1.047542280321776256e-03 1.908906182236683353e-03 1.386141048425459791e-04 8.717663182982339899e-05 -1.277960664943597494e-04 3.251630571646292080e-04 -3.734888694054856999e-03 -5.485117950410492438e-02
1.417574198722380135e-03 7.976065105551711316e-04 1.607627223138705574e-03 8.750524901789886231e-04 -1.560812720927280293e-03 -1.926449770987996644e-04 4.493755945836354869e-04 2.616878525866490109e-03 -2.244478712652055587e-05 1.606202581046830497e-05 -7.219494337932418288e-04 5.092768606775316528e-04 -2.610707622969191295e-03 -2.009583600004025833e-02
7.655452492102384539e-04 -8.466385851015752163e-05 5.715987639985424746e-04 7.787819438995800076e-04 -1.222134956765942018e-03 -6.824777111271882954e-04 5.147588779495622054e-05 2.692009591428489498e-03 -1.673252462711480749e-04 -2.858324178836389577e-04 -2.983946618560567088e-06 4.664324522263124098e-04 9.567815367511685494e-04 8.856692817253071850e-03
5.791569707015504402e-04 7.543734951564227227e-04 9.420694615630412824e-04 7.497833975390544780e-04 -1.031766764044918629e-03 -4.485175548944231099e-04 5.865757945649551592e-04 2.525169126615779344e-03 1.104073201294704434e-05 8.625084112490317664e-05 -1.187505498222259830e-04 -1.465848209988023399e-04 2.063654012462740744e-03 5.407203624330295805e-02
3.321756123480497456e-04 7.412948015335993476e-04 1.666197781412156185e-04 -5.015400735091627723e-05 -2.897176904605065230e-04 -3.792380274858036214e-04 -2.854631941122132426e-04 9.075834850219558674e-04 -3.855432300049237626e-04 -3.008078944838423504e-04 -5.042114305948292843e-04 -1.484890694977917115e-04 2.824243544780201138e-03 9.987729480543990068e-02
1.611505764741057427e-04 -6.276066846046868183e-06 -6.026183305765145902e-04 -2.563723314323147979e-04 2.600437023244815075e-04 8.196948196397290970e-05 -1.274331410985778199e-04 -8.071408718141389205e-04 1.504064252633660354e-04 -1.497295090461273016e-04 -2.614663808037836004e-04 2.377330219424538579e-04 7.004736600012916427e-04 9.449826468797779822e-02
-6.253783055407530732e-04 -1.046195560260426683e-04 -3.174204411562137258e-04 -7.444336311223210363e-04 4.072969867663122408e-04 1.402062282994151585e-04 -2.124169433160960196e-04 -1.853116465505556115e-03 -7.174728489589022055e-06 -6.081397046747671594e-04 -3.628540207134815679e-04 -2.877465257470741508e-04 3.751647963678823253e-03 4.281607463344514614e-02
-2.740008462499048331e-04 -3.871591157731114050e-04 -5.405764766683071165e-04 -8.641918818563281346e-04 7.592368743854456059e-04 3.667311302748327197e-04 -2.239828658177583746e-04 -1.230049528343560294e-03 6.815526661199421468e-05 -1.321704608344313552e-04 -1.321504227463616123e-04 -1.796716110204659757e-04 1.047470295973943703e-03 3.492331695622403337e-02
-1.040380979437958509e-03 3.560710278320837648e-04 -5.153740144977598473e-04 -7.865707900418702483e-04 9.059845681196577408e-04 1.317834646497442264e-04 1.750672848583956296e-04 -7.906796405360278336e-04 1.127713771322804505e-04 2.288419040713206751e-05 -4.968990641269976308e-04 -1.494127101996765087e-05 -9.183233950547845632e-05 8.680409875273993950e-03
-7.540957123655353577e-04 -6.038733201842503797e-05 -8.222587233479485697e-04 -7.395447839751473525e-04 7.560821623890113521e-04 4.117204980308605518e-04 9.315058266913800309e-06 -8.813699326768652210e-04 -1.288176913159826326e-04 4.126525271696054328e-05 -7.461589322612758744e-05 -1.473287941835486057e-04 4.161756798937029343e-04 -1.107327134246010106e-02
-6.129385704519741155e-04 -1.713880094720461871e-04 -6.214198580221668875e-04 -3.409938602237552307e-04 5.935832745563078766e-04 5.441054943688083912e-04 -1.075430398271642955e-04 -4.031870217885228638e-04 -3.614919522231254084e-05 1.574707529246386739e-04 2.379178130532202690e-04 -2.325155304387466161e-04 5.240090277247654938e-04 -1.312971747976233484e-03
-4.444391078462607081e-04 -2.899898053822062296e-04 -3.734054007846717739e-04 -4.676592382268393404e-04 3.100809288025862327e-04 5.153121403799411398e-05 -3.482206092912143208e-04 -7.460485502963647066e-04 -1.867184230961632988e-04 -5.333039756632362507e-05 2.249689911497457511e-04 -2.209502225672551977e-05 5.528016945793589893e-04 -1.013813562179917546e-03
-3.965820110195869682e-04 -1.823981763801748538e-04 -4.567450855046405233e-04 -2.197849156169639703e-04 3.211981679670535927e-04 -1.860973559248982077e-05 -3.610059918366720008e-04 -6.524044005239489508e-04 1.901005409866356015e-04 3.022512268930709718e-04 3.014386098014563021e-04 9.330884467987748390e-05 7.159139936630055977e-04 -1.730361082383378036e-03
-2.392730601642016348e-04 -1.486565118787263949e-05 -2.368735842134237250e-04 -8.989400136465825440e-05 3.415172219550456547e-04 1.106223593419176438e-04 -9.214427247127629907e-05 -6.538804030693271766e-04 1.728894897338608975e-05 2.412578275726059003e-05 3.177851240442616863e-04 -1.528682378762519949e-04 2.250393083690515781e-04 -6.156390388988690517e-03
-3.171159781111719468e-04 -3.100985830416007013e-04 -1.432301835758656590e-04 -8.020311887085454321e-05 3.586356086847428517e-04 2.527780137774509323e-05 -2.878910684208932716e-04 -6.498372997320944018e-04 -1.410072084335346060e-04 7.879843792576253416e-05 5.626452545427772345e-06 -9.687164379214765878e-05 4.903189347525533596e-04 -1.177879836408947563e-02
-2.130165632145944910e-04 -1.537165403847861841e-04 -1.291184035197043647e-04 -6.372436665574011872e-06 2.475851955860795947e-04 5.295645010617897839e-05 -1.818684031542885590e-04 -4.297968336091098304e-04 -9.318655252481268154e-06 2.252575533900003839e-05 3.344081078350914565e-04 -1.316335386126860324e-04 7.963753143438233144e-04 -7.937714607923989155e-03
-1.203389950027737083e-04 -1.246010676188292186e-04 -8.283410415348091101e-05 -6.081903611910307819e-05 1.695308202148705624e-04 4.644533597274218072e-05 -9.943207776746189634e-05 -2.224906736713876555e-04 3.273237898229886244e-05 5.465558154782105264e-05 2.393511419485053649e-04 -9.174575823682526562e-05 3.134753825412816002e-04 -5.446294808954889148e-03
-6.238000365585187558e-05 -8.377142488547682634e-05 -7.809126220025034381e-05 -6.244435156024113262e-06 7.236765291657407139e-05 1.967226438782829846e-05 -9.401573597414480065e-05 -3.096194439593566412e-05 2.982347979028540495e-05 1.495436659193354292e-05 2.199581607807273790e-04 -6.129587342013770312e-05 4.291976692587160772e-04 -2.347060849431449863e-03
-1.670985577387014876e-05 -2.367748379529345930e-05 -1.071705681928859558e-05 -1.306296337358438172e-05 2.205811663671755166e-05 1.497232431637352914e-05 -2.487524392304463658e-05 2.973994900953380850e-06 6.728774362709360256e-06 5.525830984872051176e-06 2.598584861528537232e-05 -1.119802025851763855e-05 6.145979976814382347e-05 -3.923033067382804338e-04
3.087006053367419636e-04 -3.161661891266657120e-04 2.704195507690896651e-04 1.454374329655784798e-04 -5.065496773761562696e-04 -1.889437351779617313e-04 -3.338059017646891928e-06 -2.986659102180876297e-04 6.815038260732123881e-06 2.296195193275978033e-05 4.771625407557710766e-06 -2.527147835858106783e-05 -3.216802413463338379e-04 -2.214331607124375451e-03
1.001216795570675179e-03 -2.876397305696585496e-04 7.648643703964398384e-04 7.241735468223419033e-04 -1.120804513717797886e-03 -4.580933828476395158e-04 4.688032098178297269e-04 -7.000814054392416291e-06 4.067030072627159402e-04 9.646693595170378877e-05 3.216126638564114487e-05 1.042695848473135776e-04 -4.156151115223202797e-03 -1.782071935227119795e-03
8.820334579824642930e-04 4.741097075289454356e-04 1.326776115595807446e-03 1.073188346461321965e-03 -1.375010033031359843e-03 -2.040457170634423715e-04 7.821663090848560628e-04 6.564151842159604480e-04 3.850249736706382888e-04 1.781710214301322987e-04 1.274184287950812212e-04 4.796061210974124681e-04 -3.963741998433549171e-03 -1.205172119352175206e-02
1.222190964133391565e-03 -1.366150153031692736e-04 8.409152667501595263e-04 1.024487037473523991e-03 -1.538431704634921635e-03 -6.365679054639545665e-04 4.524992280268530748e-04 5.591448659268762359e-04 3.120136048742579767e-04 -5.545092777372058056e-05 -5.145518851878483953e-04 4.192384213839872196e-04 -4.371263957322961587e-03 -1.049642945719809518e-02
1.278654402950804613e-03 2.898551669644801603e-04 1.250362618880363061e-03 7.165812656552477886e-04 -7.741965552100171745e-04 -3.092426179974725234e-04 8.767841913134993576e-04 1.251634868655471505e-03 -3.185025013844322030e-04 -5.644255431904236483e-04 -2.148393310334491409e-04 6.761034305534419130e-04 -3.354541880529074947e-03 -4.476597553965092242e-03
9.425487713540605696e-04 6.833758788883567952e-04 8.373309306679343816e-04 4.181759640414616365e-04 -6.820950806885996490e-04 -4.513448239978931457e-04 4.909240969261827962e-04 1.979783357815266716e-03 -5.120849222087994496e-04 -2.111608811871333298e-04 -4.316064579016223412e-04 3.267739131040700942e-04 -3.022653745228030906e-03 3.496567299654721947e-03
3.647332838032412762e-04 5.369436439653560954e-04 1.842509530858465517e-04 1.933139024386368635e-04 -9.024874290830025214e-04 -4.018119294057038385e-04 3.706359978823084325e-04 2.349284619178974680e-03 -2.046604340188384560e-04 -6.039390420962713124e-05 -4.648766339020205549e-05 1.237838341115147795e-04 -1.113453725996816192e-03 7.283749188856296006e-03
2.372997552517617983e-04 3.233491503229005137e-04 4.337297091649007334e-04 2.000208632424389289e-04 -3.403637666170963492e-04 -9.450748374320160506e-05 3.120965315266912199e-05 1.912597513271898112e-03 -1.708661355986694594e-04 -4.500839583107511680e-04 -4.653010209704793636e-04 2.359721160206319071e-05 7.062523188281974451e-04 2.657832465942156983e-02
-1.506667828069297214e-04 3.289958778822785939e-04 -4.599587327118818394e-04 -3.407050244475306002e-04 2.063942013591923302e-04 -9.686067755656439359e-05 -4.313043311661884552e-05 1.289312607025490560e-03 1.307062266140274108e-05 2.187283431622724260e-04 -6.745089094959005622e-04 -1.940067319809837593e-04 1.675938390978239231e-03 3.700397060387485698e-02
-3.117013325155035242e-04 6.375414061792653931e-04 -5.151848813498443626e-04 -5.805230780333127741e-04 4.737484350255247905e-04 4.102114282010589814e-04 4.093152548855692957e-05 4.936771222481115733e-04 -2.779488248326965859e-04 -4.966469645517276616e-04 -6.421056258356156636e-04 -1.929889759578780741e-05 3.186602250067567532e-03 3.820358344188220373e-02
-4.654958273127396515e-04 2.037988133195562236e-04 -4.623222379705985044e-04 -7.594460119949122175e-04 9.121382623616295466e-04 5.217419499446707132e-04 7.131177615964708755e-05 -7.186980367049735155e-04 6.209995447332908455e-05 2.843222093645807796e-05 -6.878883132949533460e-04 -2.157671090919147648e-04 1.778155222704646404e-03 3.962713861523670805e-02
-5.179800160456367406e-04 -6.457979637562684047e-05 -8.220162277208273955e-04 -6.581735904275836302e-04 7.707591792543262103e-04 1.613245395002832494e-04 -2.003080261086295072e-04 -1.192578936445574424e-03 -6.621838783826639399e-05 -1.340221931369554832e-04 -1.183240547517839451e-04 -2.477936750591379334e-04 9.937570894827992690e-04 3.109504676323573968e-02
-6.099674468866690506e-04 7.508890157738437382e-05 -8.938170593865289899e-04 -8.068187334833106005e-04 7.143930438983046036e-04 2.487817162361192439e-04 -3.127187802841740163e-06 -9.219966397792006595e-04 9.025275170360264607e-05 -1.099008935410164479e-04 -1.227470614949607440e-04 -1.386845965110167416e-05 6.758608746773673431e-04 1.070349461086812261e-02
-7.020216394549988730e-04 -9.547705088328806915e-05 -1.969173964492208762e-04 -4.261269605211369989e-04 6.047453567943067302e-04 2.215464493706055960e-04 -2.057721867356647740e-05 -9.720234017755751852e-04 -5.549812247556436799e-05 8.283429373291774963e-05 5.664575024173171963e-05 -2.184890442002189123e-05 8.994739699330072009e-04 -6.720001601260395391e-03
-4.569861616869124940e-04 -5.489620164883442796e-05 -4.282569424341049454e-04 -1.115369836010019275e-04 2.937147201295022946e-04 3.899234220262084408e-04 -1.444035127205845555e-04 -6.664452582945875345e-04 6.782829575297450776e-05 1.710815725669643107e-04 1.986562184354356364e-05 -4.773435587235003543e-05 7.176315751587530227e-04 -5.034031060204652470e-03
-3.442243698677022374e-04 -7.765607054337251116e-05 -8.651748517618696818e-06 -2.197327285481447893e-04 3.054469584360891359e-04 1.124720530140891072e-04 -4.023740597558536332e-04 -5.513442449610007554e-04 -5.724334923712839348e-05 2.622365208116869098e-04 3.873767415738000198e-04 -9.181969874739346553e-05 4.896992951053304871e-04 -2.673881268609153063e-03
-3.140642573939957322e-04 -3.702733613800085293e-05 -4.083612120789633748e-04 -6.354958335248102352e-05 2.487388654061566508e-04 6.263188776749149529e-05 -1.789843040481815220e-04 -7.110520257938053460e-04 -8.436379680398111802e-05 1.767472022795112837e-05 2.088101942399631181e-04 3.081457632979207885e-06 3.439823325327165870e-04 -5.544896125656945465e-03
-2.094035011007524324e-04 -1.914563482485957639e-04 -1.742406313541486611e-04 7.092642459546931672e-05 1.954499718806944851e-04 -9.696615536564109450e-05 -3.162948037768225024e-04 -6.815979261720818850e-04 1.454644805350448493e-04 3.825325746697354391e-05 3.111570817350596410e-04 -4.902439586063032386e-05 5.345596783890730957e-04 -3.942738821055368111e-03
-1.974244777382643933e-04 -2.102461923779079891e-04 -1.526619113772527533e-04 -4.334161968058336729e-05 1.891728633076110650e-04 -6.388492282417823891e-05 -1.635311245385646722e-04 -6.893588393256953667e-04 -1.510195316948033740e-05 1.833955038395026322e-04 2.523924441246235169e-04 -1.979891234484470260e-04 3.416009671997453792e-04 -1.220112178329477506e-02
-2.461087672408931418e-04 8.976572781300222359e-06 -6.218542835695555317e-05 -3.928696981455214274e-06 1.870926086353262780e-04 8.505293421063677176e-05 -2.029851627274751669e-04 -4.431960020790658996e-04 -1.344980458897412109e-04 -1.668683261226614641e-05 1.800068701496246879e-04 -1.058800794954335066e-04 1.391718505738112101e-03 -7.809264186017701032e-03
-1.844306117171602103e-04 -1.796952531858836963e-04 -1.050327177120839169e-04 6.329967619797705221e-05 2.152959897618037161e-04 2.449696432340191005e-05 -1.428795629623781020e-04 -3.752099368682528359e-04 1.214626983821242499e-05 6.504737573244278779e-05 2.949384985758066310e-04 -1.359292849098110950e-04 3.553880709122796762e-04 -6.946160520593523853e-03
-1.028445531483965328e-04 -1.041490116504468783e-04 -7.441012719379512931e-05 -9.012040029981404591e-05 1.436020416309008463e-04 2.255249214795334496e-05 -9.594074231210081858e-05 -2.188923783658621239e-04 3.833703255440469712e-05 3.447406485543637875e-05 2.528216796346093032e-04 -7.103078754713444275e-05 3.120414576044358329e-04 -4.872040314478329887e-03
-7.312328247370954116e-05 -6.134462741244284191e-05 -5.867795545848546299e-05 -2.788523860885865819e-06 8.511897571088051996e-05 2.665369731490915738e-05 -8.456160978736485467e-05 -1.505438387633645819e-05 2.173872897054320792e-05 1.319618024784054043e-05 2.195198733708791678e-04 -6.895055753954347283e-05 3.984030586137596525e-04 -2.005054322392375854e-03
-1.573099180646445438e-05 -2.506274957977747136e-05 -1.202578031984377228e-05 -1.347343722899999056e-05 2.053268674951229489e-05 1.343009857506230095e-05 -2.402503897250209982e-05 1.872616730275599526e-06 6.188890071817619125e-06 4.036179576434597384e-06 2.442239255829372016e-05 -1.080527978137511610e-05 5.596008963307073377e-05 -3.613141768687674654e-04
1.388671059792577712e-06 -1.959720546560288575e-07 1.348207073200574646e-06 3.418955301645684386e-07 -5.934076086751706733e-07 2.448804079024401786e-07 2.655665941715852587e-07 3.001807281879520732e-06 -1.090363215206147431e-07 2.441043285991811529e-07 -1.488271624061903272e-07 1.306842283855859551e-07 -3.605365382776470259e-06 -2.395811177851182766e-05
1.011231280980625416e-06 1.643475267220897491e-07 1.218190976693911332e-06 6.793469538913311458e-07 -8.901877730813975110e-07 -3.298447063030772481e-07 4.611450067712226114e-07 2.746302927880660577e-06 -2.809018384041625427e-07 -1.044749500888769881e-07 1.356527879604172528e-07 6.574175311908273219e-07 -9.752891367009691128e-08 -2.572480655369532184e-05
3.842205965947389166e-07 5.526708422149838661e-07 2.770248323977992101e-07 1.729299027542712880e-07 -1.058049718620226334e-06 -4.854645930187269909e-07 4.655392079396600833e-07 2.184785740227550077e-06 8.539279469186411501e-07 5.714468214733521145e-08 -2.540117104477429314e-07 2.754851609312874266e-07 -3.219338081836449907e-06 -5.230203805685451732e-06
7.929048396096372898e-07 4.607803945034295065e-07 8.768785022564026634e-07 4.350827360099188361e-07 -4.783573355340935254e-07 -4.912146417999417432e-07 3.899488781831455440e-07 1.938207298459538173e-06 2.087803514725840568e-07 -3.112967844149511396e-07 -6.014854880508930870e-07 -2.061685785324906000e-07 1.899135229868751880e-06 1.854912512530056072e-05
5.363477599866120974e-07 1.033078448482427660e-07 -2.783448322768090384e-07 1.352135833073620830e-07 -4.520175470840628742e-07 -2.710712908133400137e-07 6.499908818858221645e-07 1.032394968723566054e-06 7.646815271746065207e-08 -3.565856248978088668e-07 -1.056604499348420954e-06 6.185295306894828698e-07 1.684833499898644379e-06 6.372856297319508212e-06
3.198340455694378387e-07 7.499367820601311110e-07 1.744707545922076995e-07 1.190111381659911115e-08 9.469723011580294457e-09 4.674917802425132199e-08 4.653236726130303212e-07 -1.811809754194485518e-06 -2.062127643314789183e-07 -8.400981601249327087e-07 -7.652561850415980954e-07 5.024777754221407985e-07 3.708177491512081504e-06 1.256857684935451676e-05
-1.448960692161225887e-06 9.273851822558677298e-07 4.677039033591134973e-07 -4.376203963439753990e-07 9.522598743009696506e-07 5.872342978451389499e-07 -3.203049805086380326e-07 -3.612006383719337930e-06 -5.394823622840293668e-07 -2.204807707503697990e-07 -1.524250340364148169e-06 -1.596628107945372717e-06 -6.089073984589397641e-07 1.763622138114258632e-05
-1.936490417777416873e-06 9.615883460401600609e-07 -1.971970587942270851e-06 -1.039987138664549153e-06 1.693365557903352650e-06 1.229012627587330917e-06 -7.118930238139488841e-08 -5.957299621836880321e-06 6.024815959675328548e-08 2.220278215338235036e-07 -1.587126943828702545e-06 1.079163089700661411e-07 -9.297592624878399489e-06 2.517855231130727657e-05
-1.638907208243077690e-06 -1.941721814606061512e-06 -1.453456712975173181e-06 -1.682524149621414733e-06 2.232923238263631440e-06 -4.594995824031085624e-07 -3.651357077135717269e-07 -7.801323157560149872e-06 1.265828391265269106e-07 1.435050041757510001e-06 2.959984917948381560e-06 -1.985249903293693360e-06 6.118859273777311068e-06 7.634300212719121904e-06
-4.017127535051626319e-06 -1.859116751957395630e-06 -3.466822533031015694e-06 -1.266742710123953964e-06 3.465135526169555232e-06 9.580610057407244726e-07 -3.103150605039405311e-06 -6.198793882195976625e-06 3.506244841234957425e-10 6.408377701194751324e-07 5.969376442824305212e-06 -2.986077343622570657e-06 7.950529636905750839e-06 -8.507834256978737098e-06
-4.622075631749482261e-06 -2.483175683958206222e-06 -2.318137226336935757e-06 -1.621593950743584111e-06 3.544791148530483184e-06 2.292121616321579975e-06 -3.531750267752458667e-06 -5.633303810533750164e-06 4.400622090674227941e-08 6.542840009832584082e-07 5.516242478899874195e-06 8.702106182426979417e-07 1.115427594445462891e-05 -1.421810563383793992e-05
-5.287160483590358117e-06 -2.817481421861270691e-06 -5.626264236413941716e-06 -2.355226420170694117e-06 5.063230812220105360e-06 9.053513991931939578e-07 -3.950945352647077187e-06 -4.628639084361511901e-06 -1.334836552912066436e-07 1.344846295657785176e-06 5.919144569654889452e-06 -2.355569732881442228e-06 3.995416604584300680e-06 -1.345851944444403055e-05
1.824349263972738021e-05 4.159394287298293311e-06 1.398991649280103460e-05 1.430300480070127271e-05 -1.959383193803221769e-05 -7.630678460748295858e-06 6.489154468425932275e-06 1.953726718768281930e-05 3.305547550173403589e-06 1.604358559524221453e-06 1.779722119467491421e-06 1.290460929563900972e-06 -8.141547468957530478e-05 -4.935835554420059954e-04
1.692368234924204441e-05 -4.864213951158602099e-06 1.422232385685940927e-05 1.024495890813366495e-05 -1.247375735078601818e-05 -7.805482979881551490e-06 5.424979786533026704e-06 1.740016136833035250e-05 -1.884478151322328661e-07 4.699620425891252883e-06 -5.701592186570749433e-06 8.824411538670463726e-06 -2.985256936655115111e-05 -3.711496402259544252e-04
7.320231681141360336e-06 8.947242807982303716e-06 7.365564812145348404e-06 5.832891663698410454e-06 -1.459439397160923334e-05 1.671342724430490537e-07 5.364317652518293227e-06 1.387570023005210372e-05 -2.185965179933458592e-06 2.970530011602664258e-06 4.067284925668329596e-06 5.894770358303129505e-06 -2.415382851772470348e-05 -2.025983790085942714e-04
8.155951621171841044e-06 1.140161433196394830e-06 1.122136649346728451e-05 8.824112608991776404e-06 -1.126045770353367946e-05 -4.562785532204196981e-06 6.423075435245902457e-06 1.427598063971761050e-05 -1.291337910466690706e-06 -5.312603375578520730e-08 4.459901403000214690e-06 2.715208887618828306e-06 -9.793368849588688838e-06 1.033667694794571481e-04
2.407142155937202069e-06 8.184920116618996322e-06 9.580399876378061058e-06 9.909003714083187148e-06 -1.733223034750336618e-06 -9.584783948536154402e-07 2.150125939950547292e-06 1.554955106976742076e-05 2.888621855814396708e-06 -2.988921951268804625e-06 -2.719070984534695614e-06 -1.725353599658143072e-06 -2.683694177985185649e-05 1.898824020827873354e-04
1.829051669504276303e-06 -2.210770260792898416e-06 -4.713362940540441198e-06 -1.062926639582906462e-06 -3.228347360364100003e-06 -2.392569765972767032e-06 -1.578232276354147614e-06 9.278701491707742825e-06 -8.730079438899915562e-06 -3.128063414472286317e-06 -2.953647688900280574e-06 -1.425503479297510549e-06 2.304534131048374852e-05 1.827717780170310378e-04
-9.352684208439687749e-07 2.798709921164235324e-06 -4.599810603996015048e-06 -3.488319640479358612e-06 2.580948467852570303e-06 -2.065431442031037487e-06 -3.681664086106432019e-06 2.565212169533939512e-06 3.262088663205912469e-07 -1.599042023584545414e-06 -2.907932620118007249e-06 -1.383370854096540904e-06 1.709930455792101051e-05 3.230290357500734339e-04
-3.081932081108499304e-06 -1.501809173170594861e-06 -4.838124334908933129e-06 -3.469758944502402713e-06 5.196284139634259832e-06 1.869819537704278367e-06 -3.057044929995879873e-06 -3.884181700852642968e-06 7.277898111896988884e-07 -2.390341092833862637e-06 -3.766932877954969962e-06 1.241827213330830792e-06 8.566477796060590366e-06 3.406860192302213486e-04
-8.663607926953453849e-06 -3.252394654979310552e-07 -7.397921787530586815e-06 -2.934264916774439057e-06 2.857900348974265958e-06 2.616027192169315518e-06 -2.068122199072280182e-06 -5.839240320069697760e-06 2.875524678769264932e-07 5.139109719787628255e-07 -2.203063909420468559e-07 -1.931942669964647410e-07 2.579587082161268491e-05 2.836106199163860773e-04
-5.148030956956111887e-06 -4.912124821029797865e-06 -2.229293528859133460e-06 -7.126204819213722788e-06 1.930113512587330790e-06 1.639628612698249882e-06 -1.076113996982313329e-06 -8.050468697526254471e-06 1.082983685027478437e-06 -1.269158527569028549e-06 -3.563402717482771148e-08 -5.312015052515164268e-07 -3.301028085669685372e-06 2.366548421246492714e-04
-4.568827977476527544e-06 3.317816907813631735e-06 -2.095681629265413025e-07 -3.793397328506067473e-06 2.565311379674669273e-07 2.971535176346512248e-06 2.464016098415172767e-07 -6.579988418350823066e-06 -2.630462947863514204e-07 1.717007292129405900e-06 3.705896322008775642e-06 -4.095574851324791978e-06 1.466429772728433313e-05 1.895118218677314861e-04
-3.461228445458685019e-06 -2.353503130331741853e-06 -3.404762127087545450e-06 -2.977306769701653032e-06 5.592692115589152208e-06 1.553721310069199686e-06 -1.789308004246891666e-06 -8.916374286200400356e-06 -1.101330404678697125e-06 8.633682159531562672e-08 -4.853223059462985108e-06 -7.809935211463595854e-07 8.779630191937837116e-06 1.543956791014770803e-04
-2.186583856660553821e-06 -1.351907557963786241e-07 -2.217343555920253923e-06 -1.349526884606573278e-06 2.893449199526558420e-06 2.171910719239436665e-06 4.557205235883053555e-08 -7.750821723528773552e-06 1.473309735938273954e-07 -1.266656893796125202e-07 5.832727047952284877e-07 -2.276868453793808023e-07 8.647886403118497947e-06 8.021183356601538806e-05
-1.975565136838004779e-06 1.292287103403394583e-06 -3.844962751308476602e-07 -3.110391516732381997e-06 2.094279832579125012e-06 1.143999231854635746e-06 -1.193166065444295147e-06 -5.762650069680651047e-06 1.443301158293208904e-06 5.167779276486044119e-07 8.838175530799563631e-07 -2.040472650721375065e-06 5.639264598494270893e-06 5.221328713147722802e-05
-3.504533983805451039e-06 -2.683099021756133957e-07 -1.779999212720650130e-06 -4.221538781564240000e-07 3.278576622081818243e-06 3.852019139529871200e-07 -1.546418430833394680e-07 -4.335303431366457874e-06 1.360404462892026932e-06 -2.102491397111135078e-07 -5.626009441782729648e-07 -5.275520263241845755e-07 -4.996165952698717336e-06 1.295028612273651777e-05
-2.165103024423279929e-06 -1.940915243955923950e-06 -3.670884730981192549e-06 -1.211647080035996223e-06 1.010993635719822396e-06 7.230179377779299406e-07 -5.730284917790513092e-08 -4.011868265571400006e-06 8.659011959101150230e-07 1.413259750758836896e-06 -8.708699921076409863e-08 3.989731200706102220e-07 6.749382625508124997e-06 1.796796264091347396e-05
-1.630702634149768061e-06 -1.682460619702792303e-06 -1.075683162175144434e-07 -1.562632255508525479e-07 1.987944222240106062e-06 1.948661587936929368e-07 -4.143963372982195008e-07 -3.747882076933649194e-06 -5.585725542866921365e-08 -8.158000268655616352e-08 5.980903925365117507e-07 -1.893778106963192259e-07 4.655199919372442232e-06 -1.166389556215127758e-05
-1.120950950493382392e-06 1.248449049476831828e-06 8.066758997606257076e-07 -1.045063894101327011e-06 8.318458140259076507e-07 2.618644889840729436e-07 -7.310685485972987507e-07 -1.990392456277002842e-06 -1.035730892398275028e-06 1.499255271531326183e-07 2.064870817744761593e-06 -4.322360786228368506e-07 5.760738991057633233e-06 -1.439936655586637797e-05
-2.464947242230857090e-06 -9.851594691865775831e-08 -1.222609341018051389e-06 -2.699546485800846686e-07 1.117472401771487178e-06 2.291862588938144259e-07 -1.339337933659222126e-06 -3.169219551534132582e-06 1.911774167783939687e-07 9.916622457275137841e-08 2.166309977255482074e-06 -6.618788803367614618e-07 -3.189008321502777890e-06 -1.012958889990605255e-05
-4.435383456407239828e-07 -8.882639946423882755e-07 -1.358513825402365278e-06 -7.296214438797584206e-07 1.957448424460548326e-06 1.084108958981134743e-07 -4.748096809357212725e-07 -2.290920277986283180e-06 -4.958416205578635871e-08 1.418493558779920867e-07 5.908690890006432425e-07 -4.232566965698141764e-07 1.120001125881069088e-06 -3.607077253981003529e-05
-9.821992417511022243e-07 4.231774558282596143e-07 -9.265936742908197370e-08 -6.803555857488033944e-07 1.505692954425303396e-06 3.895420179055966899e-07 -5.564621622648191886e-07 -1.710777831423651937e-06 9.867650780859353575e-08 2.825288625708431150e-07 1.674558118543738967e-06 -7.197519695819162060e-07 2.529806931601399485e-06 -3.048639190500356579e-05
-5.510276028139335084e-07 -6.860964908256267923e-07 -9.838634930977597139e-07 -7.002795222240773064e-07 1.251651073845440197e-06 6.724446501459294680e-07 -5.191298498220011106e-07 -1.126161215650800541e-06 -4.742470091366999518e-08 1.491502535011978124e-07 1.158371256605656422e-06 -2.765132003481042238e-07 5.578345026219161393e-06 -2.452434528466760545e-05
-9.150690334586257117e-07 -7.189479063115323023e-07 -9.601039962127522476e-07 -5.586478717394518709e-07 9.802927105485535538e-07 2.594939922330444708e-07 -6.888949230895378288e-07 -7.619770727525978967e-07 7.431752493043440326e-08 -1.334743706556448338e-07 6.242105446305686123e-07 -3.019397759333643388e-07 1.735772508672364989e-06 -2.736926982218144193e-05
-6.958033099580935264e-04 4.579337357958880800e-04 -2.855969490438341825e-04 -9.135390884591901913e-05 3.598401698942342575e-04 -6.783691844444837574e-05 -1.325718738044538172e-04 -1.466046483071103881e-03 -5.537059698386012586e-05 -6.472295841424248128e-05 1.095072007924891748e-03 -2.112479914155453815e-04 2.591692051161075959e-04 3.714273395402065830e-02
-6.885516854683756656e-04 -4.597101621359695009e-05 -7.681262004644406720e-04 -9.645528110327654457e-05 2.458767884551774107e-04 -3.534557806402455573e-04 -3.526219746745832954e-04 -1.191625153204862184e-03 6.017212850556595587e-05 -2.720884938295775715e-06 1.538181862899154159e-04 1.255007743011548379e-04 9.957355104044591284e-04 8.498360408211480185e-03
-3.049486724962122359e-04 1.879659870855635484e-04 -2.612595881705576822e-04 -4.715118775151843559e-04 5.885980414529410872e-04 -3.473056707191328582e-04 -6.972427072581048818e-05 -9.320273084212902289e-04 1.667096790044061603e-04 1.158329023265100040e-04 -2.107165494171057030e-04 -1.244340333917043676e-04 -1.217404716444676644e-03 5.014242182873541315e-03
-6.821518849921251373e-04 3.571010869540827909e-04 2.304875548991607232e-04 -8.157103355918468275e-05 6.107998616593747964e-04 2.936498568815228702e-04 3.130004264060526841e-04 -9.713288488318179122e-04 -2.805054972183248816e-05 4.123652035601760800e-04 1.223762003106649687e-04 3.657193888850007393e-05 3.553099184208781576e-03 -1.443963873616598914e-03
-4.296522946497105403e-04 -3.295103847302562603e-04 -1.299696088531478730e-04 1.205268689958816054e-04 -3.928225414124515745e-04 4.424153946051797887e-04 3.333967587143195788e-04 -9.280036491607211073e-04 -6.062962659175820726e-05 -2.406572272957345851e-04 -6.681825946072162141e-05 1.434068996087547879e-04 5.765911187985039077e-04 -4.197492202865533116e-03
-1.249204294459443443e-04 8.167565654653891646e-05 4.125924982883104981e-04 -2.879938078673056640e-04 3.181939684541503508e-04 -8.590624493805025725e-05 1.325918501454795588e-04 -5.636125548539437256e-04 -2.114630703594908823e-05 1.048732914535581197e-05 -2.031205269578517235e-04 -1.603745964353303708e-04 8.007657643211930822e-04 -2.256054949890918052e-03
3.141569038551603866e-05 -7.097374116555335523e-04 -1.762703449602580222e-04 -4.566355313754344794e-04 3.589996476433119548e-04 3.239010541292607808e-04 -4.083210544154926291e-04 -5.822366787853123279e-04 -1.303030966515117612e-04 4.681931499193925687e-05 1.540141859229869463e-04 9.375805245384529613e-05 -9.255678867330384202e-04 -9.723656208835996032e-03
1.223236882292790960e-04 -4.507118235265873251e-04 -4.228875287539471395e-04 4.365849658551947799e-05 -1.127577515152609964e-04 1.683655165274506314e-05 -1.458029352119994196e-04 -4.513872911860345740e-04 -1.455678450907228213e-05 -7.079374237790549878e-05 -2.842416161716701832e-04 1.067539907361630776e-05 -1.483287785740129445e-03 -1.859757742425243235e-02
-2.064699390938180671e-04 -2.188790926959962267e-04 2.889992320937691326e-04 3.557536578630848698e-05 5.341792558857221126e-05 -2.309532011321032915e-04 -1.523942179177093545e-04 7.923690299290366142e-05 7.242449770491960522e-05 -3.164154181079654389e-06 -3.522727109299395834e-04 -1.309134799895107012e-04 -5.327260978149327706e-04 -1.743664329130958229e-02
1.655168841417591465e-04 1.430481093183224098e-04 1.402173390693228468e-04 -1.704893529217176885e-04 1.843678770317148287e-05 2.443396683714816340e-04 -4.206929219324484469e-06 4.229124197130483391e-04 -2.810594175745930747e-04 6.740491281808150530e-05 -8.430508139295273473e-05 1.223419988016703720e-04 -5.993439480503982885e-04 -1.423195855495219299e-02
3.524031970376449285e-04 2.992348573524825214e-05 1.704894372025740981e-04 5.212079755151434218e-05 -8.933247393559684037e-05 1.846871456472713182e-04 -7.481872813471814303e-05 1.762979621615985324e-04 -1.040081759145164311e-04 1.058339070119168547e-04 -1.811607581674497269e-04 -4.061915652678380859e-05 -1.143471090461128676e-03 -2.014191975212028390e-02
1.480990331011867555e-04 -3.249387441759678355e-05 -7.306777929882769557e-05 -2.022921262995534578e-05 -2.843521326598386374e-05 1.897421550796906719e-07 -1.537623258456228593e-04 3.014202460755394998e-04 2.166657867685171707e-04 9.162311887622051295e-05 8.150882199123993255e-05 1.189224888248627466e-04 2.166026928231554270e-03 -1.753576182454438109e-02
5.533428020503788729e-04 5.028666136638012450e-05 3.084609637983128983e-04 -1.223065886249463424e-04 6.989389816656145960e-05 1.425603057717967346e-04 1.608985629780500663e-06 4.524599734647603518e-04 -1.477726917737982187e-04 -1.981158021592216317e-05 -2.602121903233749070e-04 1.522048721745028008e-05 -3.374418510985407213e-04 -1.030613951771334504e-02
5.967192684416554234e-05 -6.487652834744539118e-04 -3.890496147881351494e-04 -1.317843793826536263e-04 4.782256533891345685e-05 4.576997611396168116e-05 -3.519895010784424450e-04 4.436706134630207920e-04 4.813086838792461611e-06 1.605476944976637029e-04 -3.436384487394693625e-04 -3.623006153426360957e-05 -7.990811763168060872e-04 -1.815169724399165463e-02
-1.521554028157260968e-04 -1.332212125961176484e-04 1.956786099451834915e-04 3.008413664020428090e-04 -1.280985552590562014e-04 1.817396221854450811e-04 -4.739964547363131593e-05 3.074175754622992195e-04 -5.545763220013132382e-05 -2.567435728086329689e-04 -3.689612686809855616e-04 -1.363223763520779203e-04 6.215450758266584689e-04 -1.943099443797807746e-02
2.119544812862096271e-04 -5.774201190178328454e-04 -1.047405538563192095e-04 1.892238401280314341e-04 -1.412043346410072047e-04 -1.796663173408176513e-06 1.170308936856375332e-04 4.159821110040674993e-04 -3.005406293644633488e-05 -5.733984390870526749e-05 -1.815607993083000931e-04 1.809147679194730829e-04 4.545095432147380109e-05 -2.040492054653912993e-02
1.282165552931699328e-04 -2.687765333803158021e-04 -1.606789159639008402e-06 -1.102618876557796027e-04 -1.013127274121228001e-04 1.625076915568007244e-04 -2.465439544423555542e-04 5.154877750716050071e-04 -3.446539635005527066e-05 2.086239696644098134e-04 1.135549713439569053e-04 4.479775707899111015e-05 1.272534776537017167e-04 -1.060220779482964372e-02
1.753013506294853470e-04 -1.989875171962951744e-04 -1.544131915995106174e-04 1.321780704418221080e-05 5.863441387377339568e-05 4.839140939246292119e-05 -8.507069325121271238e-05 6.371160030364705603e-04 1.081126132445868227e-04 3.453881580521254855e-05 -2.273277852544766642e-04 -1.468216580691465885e-04 2.196184879556282738e-03 -1.346799500024707837e-02
2.532975299900138821e-04 -6.600295363951995441e-05 -1.419824082638889436e-05 -8.085438707972179980e-05 -9.754622283833413380e-05 1.662120810383435165e-04 6.244494106861181806e-05 4.662017117337468805e-04 1.439236627551410855e-05 -5.833579831811013439e-05 -5.110676382530616129e-05 -6.554402846616388240e-05 -3.422337700251719362e-04 -9.597831618417124178e-03
1.546524065486791304e-04 -2.947536525511870514e-04 -5.535156612734311023e-05 1.496028519362472207e-05 4.501507562718358777e-05 3.356841639811270102e-05 -2.798002555203850405e-04 7.630674395540525297e-04 2.492201821623036087e-04 1.745500530313784024e-04 -1.867957127690764434e-04 2.318410287248846857e-05 -8.751460359080820358e-06 -5.228398477688962591e-03
1.683218558316473549e-05 -4.243709743135639419e-04 -1.781940001031411642e-04 -9.087209374639758732e-05 7.719384722054033676e-05 -1.391697971711213725e-04 -1.869042098915053515e-04 4.960371028880714971e-04 -8.128944941408811130e-05 2.021351072695498391e-04 3.759494741841341528e-05 -2.601292230452431934e-04 1.187612838366966994e-03 -7.462449881077291326e-03
2.558304729102280897e-04 -8.176441022412436223e-05 -1.657240622811693043e-04 1.207634179918290788e-04 2.951175984074835726e-04 -6.157540596851887170e-05 2.978377291024625489e-05 8.209807797852121131e-04 1.971209849374722491e-04 -4.735752931080479562e-05 2.085975955310482037e-04 -2.766864592506201311e-05 2.887730123509320664e-05 -8.635556356969638706e-03
3.936526043542063190e-05 -4.546116648180097272e-04 -6.684561360442795724e-05 1.053785357783777927e-04 3.797191348474838747e-05 1.245296869699661962e-04 -1.244779596577299445e-04 5.850056830733972027e-04 1.670692950865983542e-04 -1.810530717328464722e-04 -8.319789758147803883e-05 1.250887448330153390e-04 8.299353654986997347e-04 -7.299801671757357065e-03
1.699518003448927627e-04 -7.610927527665284429e-05 -7.875751280931750310e-05 4.300020734480627704e-05 4.358937685582462828e-05 2.690956103467599604e-04 1.022998227219233344e-04 7.797551892875036715e-04 2.430898859149350697e-04 2.213310484727420003e-04 2.245064534405372559e-04 -8.801568624813473757e-05 6.531943653428689753e-04 -6.098913092853381311e-03
-1.082119666722485663e-04 -2.489954528886052889e-06 1.526811360450483252e-04 -3.105835898080958274e-04 7.361611258456019933e-05 1.229915234715701564e-04 8.240125866268556575e-06 4.936025361163328545e-04 7.898215134483157508e-05 5.586821597338206954e-05 1.679858851684062091e-04 -1.512092122054396303e-04 7.309744218483675560e-05 -2.349606015946082739e-03
-6.828656255193822708e-07 -1.868868944620653029e-06 -4.620264406955453055e-07 -9.150716577257513054e-07 5.452733095594937937e-07 6.602220820172002751e-07 -1.090638793610674326e-06 -9.166265937101150995e-07 -9.166788911638578625e-08 -2.893039675732642428e-07 7.377619400717178095e-07 -4.471770618591775378e-07 5.243761988869891247e-06 2.250074092671223105e-06
1.958695088974361275e-07 -1.757696913412547021e-06 5.720665289742755254e-07 -1.473458872622911892e-06 3.063449555315189906e-06 2.349106925679099042e-06 -1.174919217598035311e-07 -2.393153150945367123e-07 -1.787206141274850073e-06 -3.747708931477363337e-07 2.612655831483894532e-07 -1.294437402446120648e-07 1.403716503758242129e-06 5.220900851363710269e-05
-1.411885108917524685e-06 -2.574425944459754617e-06 -1.679542058656960730e-06 -2.293655864227680065e-06 3.267456757342293848e-06 2.529205700916881183e-06 -1.168966907838199738e-06 -1.757005095075864112e-06 1.717468060427493760e-06 5.454521223034564077e-07 -1.176614749202012614e-06 -9.385743254450854647e-07 -2.167507642575339063e-07 -7.995873130354977647e-06
-3.452702129806100068e-06 -1.319706451968668407e-06 -3.529663497628078208e-06 -2.359969924146596857e-06 3.883402833524157076e-06 3.374363005482822111e-06 -1.864729465725439423e-06 2.808866640101984268e-07 -7.444726614767823124e-07 7.444038830081883988e-07 2.433897843675681584e-06 -5.686201783273222003e-07 7.333502734767649159e-06 3.548869241408223016e-05
-4.061297488588212472e-06 -3.796430344090846552e-06 -4.512051867195659909e-06 -2.307387157076634063e-06 6.189267252078992153e-06 1.683727203763512502e-06 -1.819103945327341911e-06 -1.871777449016919119e-06 -3.201520247145745187e-06 1.802796597072195120e-06 1.064685497608718703e-06 -7.321364331042498186e-07 7.039193868610946732e-06 6.960304803367404606e-06
-2.237537591471508785e-06 -2.375369228127247562e-06 -1.058356764861436712e-06 -2.398240628527565751e-06 7.461827774516215362e-06 2.287766743213083097e-06 -2.227930467670011074e-06 -1.688417548253329264e-06 -5.951203326169721131e-07 -2.627335602402200996e-07 5.102339080529456299e-06 -1.526261226395844606e-06 5.059460094690797601e-06 7.893570388064406708e-05
-5.865003881405312635e-06 -4.558023947904898815e-06 -5.310679285192656756e-06 -4.923557024673432408e-06 5.984536721977345316e-06 3.860213757079485298e-06 -9.862150844529193768e-07 -6.020684725993450405e-06 -5.963550704733474066e-07 2.941634825737546253e-06 1.649200477953306737e-06 -2.046863942381280558e-06 6.213088341710123010e-07 2.932088934942786275e-05
-6.466330798291119662e-06 -3.466298493330964673e-06 -9.622860431781488636e-06 -5.729458552855629851e-06 7.986828953784690281e-06 9.371612853550712996e-07 -7.421870471204472239e-07 -5.290196278033249459e-06 3.630673619369197036e-07 -1.533461557103401287e-07 -1.509166272918265596e-06 2.060227079380789867e-06 6.854021767105993273e-06 3.670713837178478703e-05
-7.913105240613660171e-06 -2.278604868068081503e-06 -7.339293250385384798e-06 -4.976354731139211259e-06 7.312096874130682929e-06 9.118555851568251188e-07 -2.411561472200053852e-06 -2.893079297231943939e-06 -1.249432385596978770e-06 9.459702818184544857e-07 1.138732727905492857e-06 -2.662948864534317874e-06 -2.750100584810560281e-06 -1.696622861978224427e-05
-6.252207082926838806e-06 3.370057627825993665e-07 -9.527796578253502289e-06 -1.005148529643257914e-05 4.836506066030895492e-06 3.853408181110539658e-06 -3.550845365741654297e-07 -5.785447466458604536e-06 -6.536354480166322596e-07 2.144569850233034306e-06 -1.576882196021256180e-06 -2.825835027203758239e-06 6.914180286390031642e-07 7.901575151860255853e-05
-9.225879188375623051e-06 -2.404629549103987017e-06 -6.873980049064248833e-06 -6.481409303149769692e-06 8.540116856914842098e-06 3.112741806359867135e-06 -2.321205087648369664e-06 -6.712820188061090862e-06 2.326113893384225529e-06 1.307679591440163178e-06 1.985186257842454395e-06 1.642878932160223371e-07 1.924914753130291064e-05 7.588504584064846602e-05
-5.205100436182552364e-06 -2.768982673327968846e-06 -1.005921495004915882e-05 -5.458162387554419205e-06 8.584773253515735298e-06 2.852924469591895153e-06 -3.637323209353090458e-06 -4.649798860927238107e-06 3.586196115695006263e-07 -2.551815123888886308e-06 1.592329705116468149e-06 -3.034177350842064144e-06 1.912483821523740181e-05 7.159027442734679746e-05
-7.165272781321477036e-06 -7.256149308778641396e-06 -4.458389229829337745e-06 -7.841870815558214141e-06 7.351382786186891529e-06 1.236534193384079452e-06 -3.956584838074188020e-06 -8.298974269925609037e-06 3.502391428963645193e-06 -2.424942038475348208e-06 2.260100472170366900e-06 -2.603906592317892683e-06 -1.395543924903990775e-05 1.710123803109161772e-04
-5.707690851104127833e-06 -3.059724934562518110e-06 -9.653577098943447244e-06 -9.037247589989012820e-06 6.909501983411945763e-06 2.985884456272196173e-06 -3.736427153673657217e-06 -1.306454462379401949e-05 6.912198160127828248e-07 8.929911780948431685e-07 3.129415891552238586e-06 -3.832895521742315457e-06 -1.006621084793844510e-05 2.855844399084852040e-04
-6.996618536579835097e-06 -4.169498442789722400e-06 -1.096994218667282551e-05 -8.624830503740594996e-06 1.016401689904632466e-06 5.033341883742077246e-06 -6.693678051691400879e-06 -1.250797655113349376e-05 -9.910583561756457287e-09 1.644943050384840325e-06 5.842052611774219964e-06 -4.074108537959034034e-06 -1.883552175439940171e-05 4.326165231151634163e-04
-3.652841054751270416e-06 -1.282086358560808990e-05 2.668266820730380584e-07 -2.481298725136837535e-06 5.771376118888188056e-06 5.400969863074593203e-06 -1.480754820298746915e-06 -1.069117474734741247e-05 5.387998762262080757e-06 -1.492713833105676901e-06 -2.993594933946498076e-06 1.872967313527786457e-06 1.508585305016027515e-05 6.057171443016961089e-04
-4.336303919641877987e-06 4.177386420142930342e-06 -2.007147000720893694e-06 -2.861405703868315789e-06 4.349945431268510087e-06 -1.074380192074443791e-06 -4.242006604882296651e-06 -8.326523843472898509e-06 1.913152450822528544e-06 -2.267981805995690968e-08 4.255143076547017384e-06 1.937779265405746529e-06 4.475771536211082125e-05 6.195556409001792136e-04
-8.443256504875187733e-08 -4.616079659489340840e-06 4.322318455728440528e-06 -3.715478387597584597e-06 -7.525551185747042669e-07 5.841087791720557100e-07 -1.075305091848592936e-07 -1.853652963050329302e-06 -2.395679147482085042e-06 -1.509386233453856173e-06 4.576481828533595052e-06 -4.606540941348682840e-06 2.090342666982307517e-05 5.540773395940254680e-04
3.146051349298016321e-07 8.291403125308705331e-07 8.705060304357446939e-06 -2.446080136817090029e-06 -4.053361133031800536e-06 -4.282696308963317272e-06 -2.230249481687504111e-06 4.019488333387756162e-07 2.382524369512189648e-06 2.544426155492418636e-06 7.068868691475972613e-06 2.181391382997604764e-06 8.513614691212650305e-06 3.534309397305993353e-04
7.449249214367452830e-06 9.612580464154465301e-06 1.117991758929658738e-05 4.157440219090857509e-06 -4.336348498382320020e-06 2.949907713218335280e-06 3.871800086692549519e-07 4.357796754677151910e-06 1.378385159161809827e-06 3.079732505344989311e-06 3.088939879895170368e-06 -1.653111862197106832e-06 -7.021662477714936607e-08 1.951711228665219751e-04
8.138138092106840250e-06 1.217378469153168033e-06 2.934795177833751917e-06 6.351632923719722613e-06 8.791621716014609496e-08 -2.737048490516828313e-06 5.295211473512508445e-06 8.663661272614355397e-06 -8.909090610842572889e-07 -1.989590688001276979e-06 -1.276810137721877507e-06 3.286878055706564756e-06 -1.891121963258563979e-05 -1.822215021910892122e-04
8.182108946633899160e-06 8.560260939197969271e-06 4.621614060855147212e-06 1.366040967985731060e-05 -8.255654033272462564e-06 -6.501383217701017725e-06 4.670693670503372340e-06 2.526822497798296229e-06 5.118746691420131598e-07 -7.253822236967316805e-07 1.053148705107763440e-06 1.322860443538845350e-06 -1.985702662570934448e-05 -3.264816861724549493e-04
1.117378481154639483e-06 -2.241395152402840012e-06 3.476797435112579166e-06 1.506645860640014901e-05 -1.328040491394583794e-05 -1.306681132318107540e-06 -2.038765470961878932e-06 5.910785847553929293e-06 9.010965781968090747e-07 8.066437583511891002e-08 2.961671604511417177e-06 1.329327223378030266e-06 6.001052464817085420e-08 -6.325807570946144227e-04
6.731746845469262878e-06 1.028733872995646277e-05 4.187742090431242845e-06 1.011217716772325539e-05 -1.112735611607101272e-05 -3.995579737384281055e-06 2.896358263449047134e-06 4.889285537331252859e-06 -4.139367707205148079e-07 -7.186974740082188059e-07 2.520419770115177819e-06 1.324129580702288249e-06 -1.239668072193044799e-05 -7.087317195527369348e-04
4.803728916636857525e-06 7.744433585573309259e-06 8.058677561717344416e-06 1.266433736480560249e-05 -5.495617402431464791e-06 -1.056154985135713631e-05 4.198404313224535923e-06 2.048970309832269976e-06 -4.029073603804661136e-06 -9.217478534757340951e-07 8.656062104419396483e-07 2.877045330540981783e-06 2.100927530604128498e-05 -9.708160757931089818e-04
4.812667280405049032e-06 1.013500693939151411e-05 1.111845075839678224e-05 6.789648005497932278e-06 -6.825045564916958470e-06 -5.702973796865690216e-06 4.172192899783769983e-06 2.727726957597402604e-06 -2.013893584864039166e-06 1.156932057853385927e-06 9.597777507039274452e-07 -1.734216933910004095e-06 -1.616901974175945656e-05 -9.265521437103813518e-04
-4.342837741030609607e-07 -1.920332437545275703e-07 1.424553767280569804e-07 -5.003381022070485908e-08 -7.818489622131810634e-07 1.250843336026252437e-07 -1.087540426123335058e-06 -5.295161067710832242e-08 -9.154495133311460371e-07 -3.008936514750214226e-07 1.834926910788187657e-06 -1.609660516067959089e-06 4.273402685259485079e-06 -5.207880150284793579e-05
-2.266885894478905107e-05 -3.380361434555047322e-05 1.552665429335853045e-05 3.522516726385033704e-06 6.317844461224851800e-06 3.834384828146384761e-06 2.362818872702457970e-05 -1.061174680328444555e-05 3.519251839995859830e-06 -1.268464592498540319e-05 1.367944774547321415e-05 -7.950644141806098897e-06 -2.104126139591218955e-05 -1.240881206304049250e-03
-2.499613434517525262e-05 -2.401469434140597308e-05 2.839067544000588495e-05 2.074958548429999599e-05 5.604655954751529971e-06 -2.729455789203165413e-06 -4.829927399776841622e-05 1.416135492868732704e-05 -7.115489717836126303e-06 1.077138990039837749e-05 6.471113815368731317e-05 -4.289935197943328615e-06 1.597010130417905694e-04 -1.247138779543925137e-03
-1.913395844452614523e-06 -1.747354278340930914e-06 1.880431552237697189e-05 2.330890274850830611e-05 -2.852420170076718254e-05 1.304419720361761968e-05 -3.078006103110643822e-05 -1.631804089652451456e-05 -1.261802278993013674e-05 1.184517560242416817e-07 -1.093895280042696696e-05 -1.803094009719271408e-05 1.796919863750240018e-04 -4.026617165964727768e-03
-5.032482611955277888e-05 -4.485242309842449050e-05 -8.090783594063900603e-05 6.450992226366820102e-05 3.693314572135279072e-05 1.183661510390229818e-05 -5.714523463095114527e-05 -3.323782900695370154e-05 6.087845943535418375e-05 5.368614910357208854e-06 1.567880039014837610e-05 -8.083445576334604148e-05 -9.058269866311167962e-05 -4.654382258462580642e-03
-3.888192655408222734e-05 2.682215223486363964e-05 3.378474340792726548e-05 -2.721798268061515088e-05 1.222617780422434529e-04 7.866754437531693004e-05 2.588666886597479927e-05 -7.242968743270725531e-05 -8.478829137596936134e-05 -5.732603194511479990e-05 1.221768074956255587e-04 7.086572896934137565e-06 -1.376066644039208202e-04 -5.101178987607437286e-03
-1.222666371511388946e-04 -2.210598464255493728e-04 -1.022291429485186633e-04 -1.683764279268349943e-05 9.963147403980309326e-05 8.013012506981992853e-06 -1.803812689425007766e-04 -2.703987291737974417e-04 6.378800958244218683e-05 1.200277996450015220e-04 1.215214734979302541e-04 -1.845574419143682936e-05 5.194686994746887084e-04 -7.337211601545674984e-03
-1.818132000875245541e-04 -6.645650691558073464e-05 -8.942012258249806085e-05 1.311415220593623303e-04 6.779665026446294847e-05 3.242906825137590243e-05 -1.061090824928250811e-04 -3.931676621349666323e-04 -3.106694617972172769e-05 1.151754785055658534e-04 1.580924176844843610e-04 -9.536538173429366303e-05 5.208288085300533284e-04 -6.762118266308708714e-03
-2.034070242166466315e-04 6.954880496920475615e-05 -1.052686470582349777e-04 -1.648561776974824425e-04 1.392283107505377991e-04 3.645069613737978809e-05 -1.356815907754998541e-04 -4.927159262763711580e-04 -4.407272556020504238e-06 1.034798412257602508e-04 2.296563033836318134e-04 -1.536203166720017548e-04 -1.919579783408471564e-05 -4.654813539735912914e-03
-1.412312216187290006e-04 -1.431771701995054985e-05 -2.162101473856395731e-04 -1.761154114359866159e-04 3.038080558241971823e-04 9.267160255784343177e-05 -5.658797774773030587e-05 -5.242025621104261105e-04 1.065163297659480499e-04 -4.716575959889844969e-05 5.607817085610812344e-06 -1.037752554268166623e-04 5.923576375398779395e-04 6.238697174188719084e-04
-2.774253988951809187e-04 1.186738733698822306e-05 -1.957257355522140272e-04 -3.556855497032363877e-04 2.897018527121690058e-04 1.137787342617761169e-04 1.042938407042696270e-05 -6.797354041969315636e-04 6.021681040455317103e-05 5.218016028150559564e-05 -3.470797159915545805e-05 -7.041226650515656897e-05 3.227882925587861841e-04 7.227863555240742442e-03
-4.498982584106407667e-04 4.523791396426423659e-05 -3.270942408739109823e-04 -3.936681222772853150e-04 2.561512086138263353e-04 -7.768199968289279857e-05 -6.342788575537688283e-05 -3.030366310885204348e-04 -5.853348361052389075e-05 5.955355185942610768e-05 -4.044389171667424077e-05 -8.846943406068192488e-05 2.373609905688932320e-03 1.305789219889716413e-02
-3.639309478871617133e-04 -2.506735178988512766e-04 -2.142974413001206169e-04 -2.405149891974973193e-04 2.357273659604704251e-04 6.550444210662622593e-05 -3.429674709434674487e-04 1.439063335944317965e-04 1.250267748760602743e-05 -2.576065272602361903e-04 8.813421440464732281e-05 -2.189719155418045748e-04 8.338503066556028414e-04 1.220342504890093230e-02
-1.854134796295154068e-04 1.231015275727331460e-05 -7.974532899160143419e-05 5.063685472053726085e-05 7.103335140338036177e-05 -3.336171206493774254e-05 -1.308503113588050943e-04 4.569964222703684523e-04 -1.195809356522140764e-04 2.997602540053052091e-05 2.789863229703482754e-04 -9.481345842053415999e-05 3.350857182090379179e-04 5.662421623536978942e-03
2.200718919578875557e-04 2.413517544675698539e-04 4.543212548681381394e-04 2.584112472077599622e-04 -3.788186847433756659e-04 7.872304588933687081e-05 1.017927571863844243e-04 2.331699249774833098e-04 9.654029143921208562e-05 -3.147684990424159447e-04 -4.868124073499270106e-05 -6.335362028397933292e-05 -2.011384808548506101e-03 -4.629041215915595867e-05
6.478263812797918110e-04 -1.844622169128546860e-04 4.019460266144109554e-04 3.761511757420700638e-04 -4.453101649201892439e-04 -1.950737935379673587e-04 3.502034974380379665e-05 3.978113888288352081e-04 -4.733347880926690914e-05 3.988400271329984540e-04 3.673356509904425341e-04 1.591202091116416660e-04 -2.736498552612183412e-03 -5.812846692460006855e-03
2.647017135209935360e-04 -9.025609228081643608e-05 4.646728464090361336e-04 4.365319372166224913e-04 -5.692312586230007399e-04 -2.613032303705063644e-04 3.313419852157730295e-04 5.388711300766462972e-04 5.046750221254278889e-05 -9.706931132424704051e-06 4.325261101533992589e-05 1.646683317988213854e-04 -1.865158157536757734e-03 -6.302594069685951358e-03
2.007147102809474237e-04 -1.508800752312101424e-04 1.792462821386142950e-04 8.950769862382739026e-05 -2.607760169297622236e-04 3.073584268578088589e-05 3.754082721041874431e-06 6.823153450661269465e-05 -7.883218371348781582e-05 1.292214399569151663e-04 1.369871185239079545e-04 3.560120577214920885e-04 3.565725090912439743e-04 -1.595577615168267740e-05
1.770141270212213368e-04 2.168800237307396198e-04 -4.608577367817261335e-04 -7.495557975483454290e-05 1.256272390588123865e-04 8.403697598950814467e-05 -1.010520745427781535e-05 4.023200896932483902e-04 -2.069419401466044838e-04 -2.889528187725288696e-04 -3.603275252382117370e-05 -4.554995234007993155e-05 -1.147714534126631361e-03 4.950472533251179356e-03
-3.088442572336935060e-04 2.129129778844639936e-04 -2.308164524611989606e-05 -2.250125523011358895e-04 2.903883241789852361e-04 5.501355723111382258e-06 5.723392283102910117e-05 2.084206570650347736e-04 -8.795721362705256939e-05 1.508189684839084316e-04 -4.295558561083557864e-05 -5.167641656520854064e-05 1.533449506192742550e-03 1.478458788688652784e-02
-4.995852780715311688e-04 -1.417921129929799226e-04 -3.996742599231720519e-04 -4.657494005796895928e-04 2.968450329843257823e-04 4.222947859890001143e-05 -4.747984813544143932e-05 -5.754145158758422647e-04 -9.433114966037530147e-06 9.461159385377162438e-05 7.877224672588472871e-05 -5.993644132006107202e-05 8.270477309046598462e-04 1.779384699447812343e-02
-1.916870650658078403e-04 1.357914659542688363e-04 -2.289664781376499322e-04 -1.577907567835894274e-04 4.196160027813832937e-04 1.252143845319483677e-04 -1.331793348851398621e-04 -5.118941314955700091e-04 1.568616538152871223e-04 3.601978575021233384e-05 2.634777506434111158e-04 -9.708899773486380632e-05 1.188636089766391011e-03 6.497349352295647001e-03
-2.698246645228412647e-04 -2.631980573105766231e-05 -1.040829985177276054e-04 -9.598208404182471834e-05 3.828774645241674502e-04 1.646742845890604770e-04 -1.622450892650025239e-04 -6.110479507068859164e-04 1.011943354289398259e-04 -1.155045931070055768e-04 1.642820741010254698e-04 -4.845221810136372055e-05 4.888506106655997763e-04 -1.452420904951735186e-04
-1.361646649319655871e-04 -2.198908364055682967e-04 -1.237851464646254568e-04 -7.023540294808976539e-05 2.431603524485866422e-04 6.237936523331537308e-05 -5.903143175375819083e-05 -2.848366630423892305e-04 1.915851508654054373e-05 -1.205935096552663020e-04 6.992546824524466698e-05 6.408772583414631139e-05 7.755143445220625056e-04 -3.867046760718073021e-03
2.242233132452554090e-05 -5.857964307952112849e-05 -1.909522675689572359e-04 -2.087200063622202470e-06 8.707566131217974283e-05 4.072163837473520635e-05 -1.724305970974947464e-05 -2.473201549790830984e-04 3.921915490939226297e-06 3.871624823262609800e-05 1.425381957792570874e-04 -6.558403326427725212e-05 2.075340569209337821e-04 -5.384055867644452383e-03
-1.030544488632896018e-04 -6.987340948787284991e-05 -8.479642937870177587e-05 1.355869779772398769e-05 8.339312705805054251e-05 3.183088174292486816e-05 -8.392539465619745906e-05 -2.128550219076736673e-04 9.855201744147798433e-06 5.211425140028540519e-05 1.842159222780343088e-05 -1.004829179401122726e-04 6.395777419884462762e-04 -5.913653086688157139e-03
6.628197424974095823e-06 -8.143314721035908735e-05 -1.218231687493427759e-04 -6.399464055025325820e-05 9.905135151067887879e-05 2.874840290607559183e-05 -2.950565400210648141e-05 -2.333601154035048694e-04 4.389401988532763428e-05 1.379929396986274435e-05 -5.091021067844706487e-05 5.733360270803871143e-05 6.663276714671317053e-06 -6.298623383610083525e-03
4.778888993033040687e-05 9.847505720968111975e-05 9.110819600262031197e-05 5.166453009785418782e-05 6.143224693344700147e-05 8.075314288363920668e-06 6.384180896413373205e-06 -5.134288395576692531e-05 7.499307139047540496e-05 6.532036211163802931e-05 7.338802908485435328e-05 -4.714978108841019394e-06 2.992463372016419625e-04 -4.910180859917486276e-03
-1.520803728461583028e-05 3.190442674437978107e-05 3.932730882169768418e-05 3.030365243841632317e-06 -8.461886866988008913e-07 8.924069200831669365e-06 -4.806075154779868215e-05 -6.275714566452992639e-05 1.636141343871882562e-05 5.104616261946762754e-05 5.426521559591402228e-06 -4.868854365525872226e-05 -3.504794201757000091e-04 -4.307670396381434175e-03
-3.990615137740393238e-05 -4.006969178929168935e-05 -1.722759611067471732e-05 -2.343109252214604858e-06 -3.088057162624793903e-05 3.924272368431047008e-05 -5.312289998262579492e-05 5.990651426697416293e-06 -1.599935119947890923e-05 -5.686029936521805781e-06 3.608638843817334993e-05 -2.140568103893580954e-05 2.310523100882475153e-04 -2.375479260609471722e-03
1.952180154732593385e-05 -2.461838923725607530e-06 3.780212868495466755e-06 6.275550361428399971e-06 6.310190940856612799e-06 -1.777791393386747197e-05 -1.014524069737705079e-06 -2.339827016077756549e-06 1.264797873563590693e-06 6.603814373997127747e-06 2.313990746429504626e-05 4.345998910285812682e-06 2.699974168244645437e-06 -1.260342963407605228e-03
7.692104405686834667e-07 -1.990097529391049326e-06 -6.128609375125926364e-07 1.052281944470160468e-06 -1.722315549855159256e-07 -8.458399266909335683e-07 6.527466021570496234e-07 1.592920063047847319e-07 1.198557385110450288e-06 1.453402099454876699e-08 1.543287515660098529e-06 -2.585924514905445583e-07 -3.678597596451629907e-06 -6.260007795055335094e-05
-1.367034306940552853e-05 -1.854580018083051726e-05 -1.025155712324948998e-05 -1.069585616658160244e-05 1.839347643501619306e-05 1.321496326155923077e-05 -2.356582757937950205e-05 5.652123389821085459e-06 5.437622515280641365e-06 2.734872333988446550e-06 2.047928931066986429e-05 -1.190135193574724814e-05 3.299964525043572433e-05 -2.413693018451006035e-04
-6.480077478393158144e-05 -1.013112250192916582e-04 -6.882584555879499842e-05 -1.429809968030022411e-05 6.045585763855730263e-05 3.037422402692701169e-05 -5.855299120838299552e-05 -3.987601315152782249e-05 1.016519210747303482e-05 -2.293351461768905101e-06 1.646203378318616668e-04 -3.267194398992670647e-05 3.447999930127495735e-04 -1.441876548065213143e-03
-8.364456795454942623e-05 -5.507523172167610526e-05 -4.306168417478359285e-05 -8.638357689538023784e-05 1.369486144524645398e-04 2.115807701300301657e-05 -1.041456012667683889e-04 -1.125267363640559395e-04 5.120495936827367905e-05 6.553612119099741355e-05 1.796306827057685585e-04 -4.543901052097966631e-05 4.769194124839320668e-04 -2.947798684272185527e-03
-1.488223653060124422e-04 -1.496829280751855171e-04 -7.584167326456900849e-05 3.200549980510558568e-06 1.661383601116607608e-04 2.171456234668342938e-05 -9.189488117581734276e-05 -1.931468093518163307e-04 -3.249108116524158550e-05 2.579746206544303026e-05 3.549664201915735009e-04 -9.524523660778958152e-05 5.948008996532849584e-04 -2.928578420917695921e-03
-1.277329186789413805e-04 1.658001771275809656e-05 -9.505828431126648887e-05 1.277577888940667376e-05 2.348220190718563539e-04 1.991217737395895532e-06 -1.199364207778380945e-04 -2.935549700319014447e-04 -4.955743265179807531e-05 3.298601607945277742e-05 2.738797810069064300e-04 -1.116084454600116573e-04 2.116395608633253036e-04 -3.824546317367827613e-03
-2.512773482171324290e-04 -1.295591757958745860e-04 -1.522113865475252135e-04 -2.418936995408383855e-05 1.801043214448705540e-04 5.938267475421450637e-05 -2.194757993418065128e-04 -4.721157606889331238e-04 1.000311670854922569e-04 -4.414226247086037926e-05 2.967875339712141040e-04 -1.826472178462194720e-04 -5.354538631168590966e-04 -3.696378179818226011e-03
-1.598286693261864234e-04 -2.041235098056847657e-04 -2.136346307585038670e-04 -3.459300536382081632e-05 1.644315539539863450e-04 -1.159640792483114074e-04 -3.182232934273903691e-04 -5.399801894733443665e-04 -1.616576083665767071e-04 2.529771537362434272e-06 3.059750617400817398e-04 -1.301252486422263880e-04 8.831564093374545156e-04 -4.507619863256489764e-03
-1.230697583466135430e-04 -2.233450963101272558e-04 -1.994392972089001630e-04 -3.958639738892006624e-06 1.153689576492243624e-04 7.575452129097810989e-05 -3.544009710873331351e-06 -5.881446813966593372e-04 -2.750640387520074634e-05 1.525428032594088892e-04 2.283090107174162926e-04 -1.611404174439630421e-04 3.093035702948184525e-04 -1.559596378544901921e-03
-4.288964270037553877e-04 1.614392109921986040e-04 -2.254135123262888333e-04 -1.084202883024601476e-04 3.755363360302546106e-04 -3.790266667167059300e-06 -2.797768134566517824e-04 -5.800956202769672488e-04 1.786982698057571858e-05 9.430703237092498165e-05 2.226839778049633498e-04 -2.637426631820469742e-05 1.818885366711910252e-04 1.687709819997082461e-04
-4.565925866308300895e-04 -2.150568179422004164e-04 -6.011704943087035398e-05 -1.449645298722406514e-04 2.674183101032290180e-04 7.000765980068775478e-05 -2.058641825752675057e-04 -6.154384421643763464e-04 3.432843286152741135e-05 1.173834933643006911e-04 4.008048781781608258e-04 3.528180909272928039e-05 1.119293199931420965e-03 3.781226075058706157e-03
-3.994913930461835186e-04 -2.046625710263309832e-05 -3.422450406481558215e-04 -1.250209564924209852e-04 2.939476230486103947e-04 1.414193602023700968e-04 -1.679931281459185616e-04 -6.251521803169675416e-04 -1.028552605359779680e-04 2.289822786172478143e-04 1.735024170629690602e-04 -1.614222399698881857e-04 2.738103404155752137e-04 2.962654383570371974e-03
-5.152553751282981610e-04 -1.733772059072698896e-04 -2.715248404458317283e-04 -3.446698521526199823e-04 3.671132529024057978e-04 1.396434752051298623e-04 -8.413610682811432961e-05 -9.862213065127780655e-04 -3.648480475577238187e-05 8.872351839548113430e-05 3.760511737535161001e-04 -2.649147176221950035e-04 -4.232177675148051125e-04 1.921031990408494927e-03
-4.488034922390328517e-04 -5.174772259801551944e-05 -4.099798848335971116e-04 -3.537031044431434494e-04 5.129203361366386398e-04 1.424905434428769073e-04 -1.590230604840864065e-04 -7.423993710310991057e-04 -7.035431412090738354e-05 -1.173364204788462429e-04 -9.337896638942125814e-06 7.205514132644401046e-05 1.042137456725349869e-03 4.780116289188048560e-03
-2.951565500104312199e-04 2.155016477642126530e-04 -6.703971900059494358e-04 -3.458965661810668160e-04 4.489907373567623679e-04 1.823963284541874931e-04 -1.510374813343522561e-04 -7.524650744376374907e-04 -3.536897404775615994e-05 7.392687339221385410e-05 -7.899799960476437579e-05 -2.885465964033353940e-04 -8.223337520102967960e-05 8.223159616190063234e-03
-4.909926817895242422e-04 7.790497686402135990e-05 -3.172901742346022976e-04 -2.809942388831238535e-04 2.116351250336318880e-04 2.507634329556936333e-04 -5.092768206589186634e-05 -5.242813700643137505e-04 1.755102704841240632e-04 1.796019776619547470e-04 -4.991250736761430971e-04 -1.160679699494691199e-05 6.777819580885287819e-04 3.216100523855836696e-03
8.838551198933973345e-05 1.766974249232217099e-04 -3.885169411775066257e-06 -1.891006631930791367e-04 -5.501688157813987810e-05 -1.767920735676762538e-04 2.380495504942067213e-04 -1.407191128320893806e-04 -2.424329990600131027e-04 -1.561395371328685284e-04 -6.022754372709262713e-04 2.732402492843796033e-04 8.313362818492590033e-04 1.004713738619054594e-02
4.152461255422308824e-04 3.470263863146337189e-04 2.321461533664122582e-04 4.442398121532538553e-04 -4.326046948000998940e-04 1.245042165271949633e-04 4.569041923059795731e-04 1.832485477733687153e-04 -1.254671344925319489e-04 -3.812052729562350546e-04 -2.157057619555490934e-04 4.721953622158712847e-05 -2.684855534571874928e-03 1.121139575693635287e-02
7.138284375405708421e-04 7.767411370832934833e-05 6.384788515075512589e-04 4.522250704779416262e-04 -7.965939432094308690e-04 -2.905382937601179178e-04 5.371075831452258934e-04 2.607345067624683476e-04 2.538883597301692358e-05 -2.236089347576741013e-04 -4.939519356921697564e-04 3.644627699792578920e-04 -5.604655926436873884e-04 3.717117100322920795e-03
7.577808686214989459e-04 2.999605306386626162e-04 8.099859089445544339e-04 2.807569104886279668e-04 -6.670749390023430342e-04 -3.208234467937844526e-04 1.482460029267951892e-04 7.774975568090009654e-04 3.837511674728324692e-04 -2.815110607399884331e-05 -7.981365071901953768e-05 7.577643642585224514e-05 -1.546595630897670479e-03 8.107100716658988127e-03
4.791242512675583437e-04 -3.670927718056457762e-04 1.721920326549040026e-04 2.796315203697637380e-04 -8.014581463816800077e-04 -3.542806388082908814e-04 1.828601973681345794e-04 9.839431087544908000e-04 5.736998210872961334e-05 -5.036851513808915728e-05 -3.543129210846068257e-04 2.215168040205062585e-04 -9.964779477383690735e-04 -4.213750113397603421e-03
1.612695133090925957e-04 4.934527797459980396e-04 3.036547568725916088e-04 2.216189697148200578e-04 -1.201886387484265287e-04 -1.863961979263103737e-04 2.173836097786485027e-04 1.035714216584437530e-03 -9.475742832628459775e-05 -4.368128790484219624e-05 3.962227012969842996e-05 1.205310652813405700e-04 -9.559313861047896667e-04 5.683075700552870160e-03
1.759837002733833332e-04 1.819664882653997497e-04 1.888928516928090181e-04 9.174190169215253512e-06 -4.449934534493596580e-05 7.672464396848435123e-05 1.269821165836204548e-04 8.194898905631958471e-04 -2.561061593263897523e-05 3.504913700697856634e-05 -9.147689167999212116e-05 -7.599952781053161100e-05 1.844224294337113324e-04 -2.269152905113921287e-03
3.838608744306470596e-05 3.464570753622605741e-05 -8.551274717130912092e-05 -9.244530276266761139e-05 1.518250264410564746e-04 9.418274827166571266e-05 3.251855890746425108e-05 3.642841158675865052e-04 4.896424263429018315e-05 -6.055917633287655080e-05 6.070501311844815010e-05 2.034932903454487788e-05 9.294788938591127517e-05 -1.836447721420322952e-03
3.743471152073238908e-05 -6.398595715170375263e-05 -3.669382391041527125e-05 -6.661944284326441236e-05 7.315494670520228014e-05 1.326136108797111948e-04 -3.243533470821116302e-05 5.807782729170426453e-05 -2.673632080043846935e-05 1.373728185959730657e-05 -1.275723542822334204e-05 -6.894012150824441314e-07 3.893455493286791498e-04 -3.313957448073685981e-03
-3.777169410451786173e-05 -4.895101702945472294e-05 2.097783708928403079e-05 -4.846303466218126056e-05 6.093291939971063226e-05 5.618960501027690357e-05 -4.421964177808660471e-05 2.448217723141419327e-05 1.997898317085254226e-05 3.797204022652020953e-05 -5.166314197890436489e-05 7.544596044980157929e-05 2.547809692133169070e-05 -5.765137460686538436e-03
-6.636622895338438975e-05 -6.867992866363309174e-05 -4.567204201344183758e-05 -2.463283184009042687e-06 1.961992821290877681e-05 3.259433677623963176e-06 -3.938607500444295598e-05 2.553357050660008912e-05 4.773142372345352332e-06 -3.101391852151982604e-05 5.225963602664195296e-05 1.178493111813155950e-05 2.991165799318745364e-04 -5.026948413520176268e-03
2.430834677889202132e-05 4.550235767720357550e-05 1.325463670670771643e-05 1.350529711783283130e-05 -1.895930128505023859e-05 3.583229428293973665e-06 1.193309080743518387e-05 6.037539390177792382e-06 4.700457830676704635e-06 3.171341202512826217e-05 -4.007772276100554117e-05 1.510119934679102406e-05 5.195871145646942767e-05 -2.245944003584035564e-03
1.131250020871359266e-05 6.936041829934269049e-06 2.436082204743116752e-05 -1.581862431080290712e-06 2.050272481857839162e-05 7.258088705229997416e-07 -1.782294978592702391e-05 3.922392874951955203e-05 -7.933406986742630066e-06 2.856540570165683970e-06 -6.373620981900500246e-06 -4.974568099359564839e-06 -2.696773282551989624e-05 -1.142043764264092688e-03
-1.683713318629728232e-05 -1.507163612433317279e-05 7.996753748170381279e-06 1.243010361516980034e-05 -1.109645361327786043e-05 -8.023398781294137106e-06 -4.812120818222928883e-06 1.607632240598739858e-05 -8.677983451327579160e-07 -1.033757863903017729e-05 3.136731030028375183e-05 -7.127364862443133286e-06 8.585105036452385970e-05 -7.817641809594206301e-04
-1.093612348842709335e-05 -1.772537532527018901e-05 2.140982135406782589e-05 1.930110639789973107e-05 -3.716531080591696554e-06 -5.460225957119525530e-06 9.655457398089178562e-07 7.957679137475675999e-06 3.390721280646527651e-06 4.878278828935152552e-06 1.481329679450672658e-05 -5.477759210131073627e-06 3.529910994861146950e-05 -1.606350813607754669e-04
1.050671852422772353e-05 2.944150061185461377e-06 9.629539450996499154e-06 3.448138667135600915e-06 4.685964899564164121e-06 -2.680536816617637086e-06 3.735894904350954369e-06 4.247977771186221642e-06 -3.391920700931558153e-06 -1.274159430180981991e-05 -2.047804323477181323e-07 -8.896845824862229871e-06 -1.424549801532281137e-05 -1.885064625623051238e-04
4.079131168185673037e-06 6.215995580556312528e-06 3.653177976758187836e-06 2.898033423535737162e-06 5.423655598236502956e-06 -5.064027231613502070e-07 -2.286669828516274932e-06 6.389105372234483239e-06 5.414696439028753711e-06 -1.587738022337401095e-06 8.759534262346620000e-06 -1.930059221822266279e-06 -7.730839417164628373e-06 7.258296066847371624e-05
5.563103883412360781e-07 7.948576229663350380e-08 3.665763377104509405e-07 -2.439860393855243235e-10 2.422047858498159583e-07 1.027062911649538201e-07 -2.272686128247426040e-07 8.722563992427252223e-08 -9.461356989557823284e-08 2.519471300033395808e-07 -2.685775190129025221e-07 -2.096767184321106964e-07 -5.042918640527527982e-07 -1.199707193127952661e-05
-5.172358425867181531e+00 5.364544614523529020e+01 1.445708595798241625e+01 4.339413748073712718e+00 1.155112607046980822e+00 -2.687690410031870147e+00 -6.338796337760641109e+00 9.601162919171404297e-01 -1.067112949726475080e+00 -6.952765757771852684e-01 -2.747685788049550215e+00 3.047842009480034253e+00 6.758948886292543534e+00 3.665889805107374144e+01
2.112631117193692048e-03 8.080149828929917774e-03 -1.267186469885510499e-03 1.568967600715770580e-04 -5.206290855860393326e-04 8.493863627967860371e-04 8.738031964934108798e-04 1.295627098182647492e-03 2.817221413700561616e-04 3.560642873859955193e-05 -3.549092030003290436e-04 2.118599064680475746e-04 -4.486208760796469436e-03 -6.232602039441520470e-02
2.162885491008304135e-03 1.287951594506513836e-02 -1.512426375659084443e-03 6.035460789964103767e-04 -1.002584561932612361e-03 6.871861036634510905e-04 1.163521340451553927e-03 2.023972935416124951e-03 7.627783363726421770e-04 3.115907141721920232e-04 1.479297838011121077e-04 3.771032207389793999e-06 -7.571437313098134043e-06 -7.767105655428198363e-02
1.200636666595098932e-03 9.376265675366842259e-03 -5.555103121503312440e-04 7.340110173058145672e-04 -1.609748845465942954e-03 -2.796873389849135653e-05 3.439149583394578266e-04 1.929679658698394990e-03 1.366772357006366674e-04 -7.660461796860158399e-05 1.703417230918667392e-05 1.448123468708293639e-04 -1.830771910198728588e-03 -9.670632712738014627e-03
4.632588276750973250e-04 7.222079120030205131e-04 1.213959355767366870e-03 3.875627149243849245e-04 -5.907906126379587012e-04 -3.099487890056993656e-04 3.655795681316169918e-04 9.602182711876218251e-04 2.392351827582737337e-05 3.043598599526301332e-04 -8.705434291150277891e-05 -1.125930260393652688e-04 2.313142342247242068e-03 5.315717231478195998e-02
3.697503415803194381e-05 -4.632684379333554779e-03 1.668480092681106242e-03 3.924487441263343839e-04 -4.673871242940851045e-04 -8.604441563051166671e-04 -2.239040599871702092e-04 4.677127487977605154e-04 3.392747009045498685e-06 1.014607603420258765e-05 -7.058212007735164412e-04 -3.277343588041952614e-05 -1.658319535793218065e-03 5.354535789520524502e-02
-3.449816291850669580e-04 -4.525166444573011822e-03 1.404372257337506208e-03 3.496598425869553339e-04 -2.978144834056113081e-04 -6.564806729892009099e-04 1.900000375964316208e-04 1.372343525079901586e-04 1.670755121963578456e-04 2.144130104229376545e-04 -2.276386324928187716e-05 1.927718650666265690e-04 1.409152781753113303e-03 3.498869857521377108e-02
-8.896863748947888163e-04 -5.065658443337761260e-03 9.769017063580964343e-04 1.677628640682533195e-04 3.466234385995908959e-04 -3.732828715332494403e-04 -3.050888658067790445e-04 -9.095302962376698936e-05 3.100665442970302943e-05 8.328772617820309092e-05 -3.041286952398749199e-04 1.068367058194160345e-04 6.888645631812609273e-04 -1.275048435183379937e-02
-7.967260541398926438e-04 -4.853885193093859969e-03 2.840970024977697598e-04 3.563022112929642904e-05 9.624504904932296903e-07 -3.972944855160239993e-04 3.123793504714852059e-05 -7.860404196979526095e-04 -5.410668637419383106e-04 -1.295036613847648262e-05 -5.385472249516272099e-04 -2.021014516469833168e-04 1.756766882704760080e-03 -3.208189701183304741e-03
-6.750796342867033256e-04 -3.466096436280167482e-03 2.453759778621953931e-04 -3.394771046898128650e-05 3.533276206695529307e-04 -3.432456211794045696e-04 -5.171172544252302218e-04 -7.931093680920873676e-04 -1.169997997995297960e-04 7.796374770156087517e-05 2.078565245332469934e-04 -3.414755865562415582e-04 3.428405236576356090e-04 1.518950831149047838e-02
-5.909456741397078709e-04 -2.888652849167426713e-03 -5.620939072810959960e-05 -1.426074464339949677e-04 4.618584167694878397e-04 1.958859671578346126e-04 -6.232267955844784501e-04 -9.875144787385029335e-04 -3.347759054067659919e-04 -3.999493041305912915e-04 3.500577817686386343e-05 -4.365753181554053822e-05 1.673635269644543812e-03 1.621208047922547899e-02
-5.998738595168828054e-04 -1.473345351531648879e-03 -7.893685615567683526e-05 -3.197292118903364276e-04 4.414946572107320824e-04 6.660078318060319396e-05 -1.955750133673768096e-04 -8.502098262498105317e-04 -1.513005967813129164e-04 -1.111217755334795263e-04 7.200099926909623606e-05 -5.832264887141653983e-05 4.268023814574247810e-04 -6.711916543170198552e-04
1.761149078687714595e-03 5.506576207906259054e-03 -1.346110548889028818e-03 1.224306023988752266e-03 -3.290372038261957905e-04 8.375869909549852515e-04 1.699368214058741256e-04 2.883968665525440522e-03 1.181986237018023585e-03 2.149345275266658630e-04 -2.459562096292352770e-04 -7.551453693933960062e-04 -4.482575925794057663e-04 3.176796363634718217e-03
1.149201169867128912e-03 3.483322701573961320e-03 -1.840649923345363901e-03 1.189860382009556199e-03 -1.149510864729888678e-03 -3.591362621712361350e-04 2.926965090835812844e-04 2.980427643756099112e-03 1.209040509368433322e-04 2.952013423477341811e-04 -7.893066077272510453e-04 -2.733775928852703874e-04 -4.254903794908556714e-04 1.201790367999215625e-02
1.629888907121768669e-03 4.405924168026560846e-03 -1.997573187431670762e-03 3.231396333229270986e-04 -2.392992136410439024e-04 -9.435690362663345584e-04 -7.335241286099148652e-04 1.999851575280973438e-03 8.934646438473419329e-04 2.412675842133962800e-04 6.319912940954654430e-05 -5.918542223817346111e-04 -2.459651427179847683e-03 -2.159928736633779343e-03
1.693934001046029821e-03 3.069041857197204494e-03 -5.785892091249402510e-04 9.859026742100982128e-04 -6.034009875882660788e-04 -5.869568318630979595e-04 1.207839535714342293e-03 2.001988571033439836e-03 -1.568816483835939037e-04 1.034238944267578016e-03 2.884135291209363269e-05 7.599185820147857560e-05 -3.087626898412531434e-03 -6.958964129041049322e-03
-1.626645983901185428e-04 1.806865828794180964e-04 9.710986947656649127e-05 2.202827176483116291e-04 -3.532730000011444606e-04 -2.203175192888827936e-04 -6.696560644316599045e-04 2.115622072942391439e-03 7.994859703460613755e-04 4.913831530431633961e-04 -5.218404468810536236e-04 2.191432882181534847e-04 8.605352026938264043e-04 -1.040413168118499605e-02
-7.570190731858810178e-04 -2.225079244908881402e-03 1.903870810178713829e-03 1.553923425430773369e-04 3.463594704312933348e-04 -3.700875427074145534e-04 2.578404992452461753e-04 -1.119205842072526361e-03 8.688166999164015402e-04 -3.233913883683039547e-04 4.360324035947281017e-04 -9.575386878373574580e-04 3.715889804580683759e-03 -1.149767139141226815e-02
-2.383674819943336440e-03 -6.883912376266258445e-03 1.381036327346445505e-03 5.461031665422147376e-04 1.145121437036186567e-03 4.562376754997982575e-04 -1.771817088846790351e-03 -1.928132117321253993e-03 -2.115013937688990046e-03 -3.988889687155428064e-04 4.604404504936859778e-04 -2.548940540970723919e-04 -6.607837873632887906e-04 3.460254686784341310e-02
-3.378868731489780355e-03 -1.293255367040072046e-02 3.324928445738537224e-03 -2.163232722136811895e-03 2.880872786176098214e-03 5.218857371112675669e-04 -5.514175830408793661e-04 -6.774634540606777958e-03 -8.951072062645024606e-04 -1.148528641135388383e-04 1.005900645703090932e-03 8.277062588865097704e-04 1.469165059322365130e-02 -1.132520531839317605e-02
-5.774789565557604011e-03 -1.473734403307153801e-02 -1.820725764470036570e-03 -5.390187579173758708e-03 3.387431738955583999e-03 8.834592384104729629e-04 -1.598365192910707402e-03 -8.470047091824341179e-03 -1.722412456061991979e-03 -2.123292873025968506e-03 8.824244992507181660e-04 1.110259459129141549e-03 -6.742464018031271884e-03 8.652861221726405871e-03
-5.172447292245439593e-04 -1.943863271438177158e-03 1.677313431899552247e-04 -1.193995295740366274e-04 1.595795667017336334e-04 -1.232376976576816789e-04 -1.327139240581008857e-04 -2.805160246807152308e-04 -1.438117306213510806e-04 4.236793583190796825e-05 3.610783120248750008e-05 -3.593216667099810303e-05 4.547260741050191280e-04 -7.258233218348388960e-05
-2.733077654270257752e-04 -2.284306586847935534e-03 3.889186786752035253e-04 1.688816064097989876e-04 1.224442170225768659e-04 -3.354902346646818935e-05 -1.192028320562382824e-04 -1.850049754054055944e-04 6.434002904269172426e-05 -1.880077300636817271e-04 1.853950698097180474e-04 -2.300905483902183549e-05 -1.134843790650540227e-03 8.837579273079394088e-03
-1.680157900528368828e-04 -1.232333150991950232e-03 3.821478149442478255e-04 -6.870504050829111199e-05 -4.761560956685110087e-05 1.186235866357745908e-04 -1.219707406972557267e-04 2.187117577744182877e-04 -1.069944997064147961e-04 -1.038900318466001113e-05 4.596984811459638664e-04 -3.023501966606974420e-04 1.221999668081264661e-03 1.060811822735121916e-02
5.608223184027361346e-04 1.373127703242795622e-03 -8.190751097294654505e-05 -1.600147399185114874e-04 7.848795583154695042e-05 -2.373861871064013838e-04 7.032478203512265355e-05 4.459481984573031966e-05 -4.578734748388265145e-05 -1.930353721680467172e-04 -1.044096699651707663e-04 1.017919546794856270e-04 -8.298911213070922195e-04 1.298507445247764486e-02
5.562968427567320908e-04 3.475110401025623737e-03 -1.960752190754530186e-04 2.215938684034514340e-04 -3.592538297925188472e-04 -1.312425718460574500e-05 1.079493699227093869e-04 5.702624969070190951e-04 -1.470690610072804458e-05 9.554689940600560112e-05 -6.466050289098335319e-05 1.816848187939293499e-04 1.815786971832229497e-03 -1.017186502250674862e-02
7.482947837685349247e-04 5.624814863602978741e-03 -6.142482113089979328e-04 4.550588836011814188e-04 -4.946307749616935846e-04 5.738459669531124343e-04 6.479643363672493803e-04 9.314451066465335473e-04 7.962025253657380869e-04 -7.054293622993203033e-05 -8.347083109693018274e-04 6.451369726428585725e-05 -6.842691279487049527e-03 -1.388547923997012108e-02
1.366362877063214678e-03 5.544266710337141489e-03 -1.459607315735467637e-03 -1.474052152520857165e-04 -3.189036274508865419e-04 4.994562652054434452e-04 8.461562226116316372e-04 3.950256584568917332e-04 4.028561119215747031e-04 -3.391100832944343355e-04 2.868912921399590895e-04 5.755644151369275268e-04 -2.952375326687206071e-03 -2.705166901545653230e-02
1.218292354120303336e-03 5.614724190920897771e-03 -1.112781155656173467e-03 8.742246241881969771e-08 -9.511446714357235481e-04 7.869984068305606838e-04 7.269926822426298844e-04 1.126101285738702459e-03 1.463446928592199690e-04 5.731394880374597990e-04 7.405592092618677172e-05 1.274214352747802615e-04 -1.506275696740991786e-03 -1.632247910040477562e-02
6.502203532144405166e-04 3.061435451710358725e-03 -2.634184340130890493e-04 3.877115134980882363e-04 -8.973672469240715106e-04 8.081930676892039246e-05 3.386133025348754392e-04 4.532761904132500156e-04 -4.773236350966633397e-04 -3.476092993896540443e-04 3.333811035213952848e-04 3.152381307877643191e-04 1.826181956995437611e-03 -1.976985286790834250e-03
3.800789469754248901e-04 8.974623046558534087e-04 8.859076904866340565e-05 2.054497863213148548e-04 4.023208086112747372e-04 -1.140057820673536979e-04 1.968370192638490670e-05 1.040918963170801712e-04 -2.088098680199952770e-04 2.527633447701718630e-04 -2.747533503935441798e-04 -2.498830186209005633e-04 1.787257925718468239e-03 -1.688578218004746024e-03
-2.782630300336496687e-05 -4.157581813068435750e-04 8.699229410864679464e-04 -3.153339389686751087e-04 -1.749885764897025724e-04 -3.329117101217038150e-04 1.429021927556577165e-04 -6.209502621760017431e-05 4.405728952240090142e-05 1.772155227144489717e-04 -1.065424082316534756e-04 1.057138155983748671e-05 8.360712511341052361e-04 1.018656307188697124e-02
-6.162971681323868361e-04 -2.656386590612491369e-03 6.504139426884447423e-04 -1.913851618225711289e-04 4.518593684884193414e-05 -2.425987984400608771e-04 -3.908060278295903017e-04 -1.970581523027472193e-04 1.008673541731137783e-04 1.030108481053655227e-04 3.805697521795238882e-05 -1.475496999775930253e-04 9.401507393856261326e-04 9.807436158561272724e-03
-4.911603066398122089e-04 -2.278326842376152562e-03 3.543357484712861987e-04 -2.592232151297781153e-05 2.348235325880378783e-04 -1.718968074805129781e-04 -1.720309211598485856e-04 -4.677756279783217138e-04 5.246108058384175876e-06 -3.165360052838572511e-06 -6.754442372188711532e-05 -9.951573909413242481e-05 3.758280897322578457e-04 -3.068936188910393811e-03
